time	V(vout)	V(n003)	I(L1)
0.000000000000000e+000	5.005000e-008	0.000000e+000	1.001000e-008
1.759999992967387e-010	5.005000e-008	8.800000e-001	1.001000e-008
1.774200804964894e-010	5.005000e-008	8.871004e-001	1.001627e-008
1.802602428959909e-010	5.005000e-008	9.013012e-001	1.042943e-008
1.814023311235948e-010	5.005000e-008	9.070116e-001	1.154031e-008
1.824011188797540e-010	5.005000e-008	9.120056e-001	1.422930e-008
1.834800591903056e-010	5.005001e-008	9.174003e-001	2.007264e-008
1.845358634279352e-010	5.005003e-008	9.226793e-001	3.083753e-008
1.854759843183067e-010	5.005005e-008	9.273799e-001	4.857861e-008
1.863304461093241e-010	5.005010e-008	9.316522e-001	7.778903e-008
1.871351968700538e-010	5.005018e-008	9.356760e-001	1.275742e-007
1.879911202801825e-010	5.005031e-008	9.399556e-001	2.208708e-007
1.887722124915337e-010	5.005053e-008	9.438611e-001	3.681344e-007
1.895886917719936e-010	5.005093e-008	9.479434e-001	6.205095e-007
1.904091735217621e-010	5.005161e-008	9.520459e-001	1.008275e-006
1.913696815108161e-010	5.005295e-008	9.568484e-001	1.644938e-006
1.926407702617808e-010	5.005586e-008	9.632038e-001	2.699189e-006
1.942059374296831e-010	5.006144e-008	9.710297e-001	4.161459e-006
1.960969541886478e-010	5.007127e-008	9.804848e-001	6.016794e-006
1.981589354865875e-010	5.008647e-008	9.907947e-001	8.070173e-006
2.014119496989252e-010	5.012118e-008	1.007060e+000	1.132108e-005
3.154959568847930e-010	5.948050e-008	1.577480e+000	1.254048e-004
4.295799640706610e-010	8.133343e-008	2.147900e+000	2.394886e-004
5.436639712565288e-010	1.156800e-007	2.718320e+000	3.535724e-004
6.577479784423967e-010	1.625201e-007	3.288740e+000	4.676564e-004
7.718319856282645e-010	2.218539e-007	3.859160e+000	5.817403e-004
8.859159928141325e-010	2.936812e-007	4.429580e+000	6.958244e-004
1.000000000000000e-009	3.780022e-007	5.000000e+000	8.099085e-004
1.109051606254291e-009	4.743234e-007	5.000000e+000	9.189601e-004
1.233682013402052e-009	6.024302e-007	5.000000e+000	1.043590e-003
1.482942827697574e-009	9.168771e-007	5.000000e+000	1.292851e-003
1.981464456288618e-009	1.778681e-006	5.000000e+000	1.791373e-003
2.978507713470706e-009	4.433756e-006	5.000000e+000	2.788415e-003
4.972594227834881e-009	1.346838e-005	5.000000e+000	4.782498e-003
8.960767256563234e-009	4.642433e-005	5.000000e+000	8.770650e-003
1.693711331401994e-008	1.717934e-004	5.000000e+000	1.674685e-002
3.288980542893335e-008	6.596394e-004	5.000000e+000	3.269850e-002
6.479518965876017e-008	2.577947e-003	5.000000e+000	6.459597e-002
1.286059581184138e-007	9.716280e-003	5.000000e+000	1.283543e-001
2.286059581184138e-007	2.804150e-002	5.000000e+000	2.281505e-001
3.286059581184138e-007	5.500516e-002	5.000000e+000	3.277322e-001
4.286059581184138e-007	9.127876e-002	5.000000e+000	4.269966e-001
5.286059581184139e-007	1.366420e-001	5.000000e+000	5.258517e-001
6.286059581184139e-007	1.908698e-001	5.000000e+000	6.242079e-001
7.286059581184138e-007	2.537331e-001	5.000000e+000	7.219774e-001
8.286059581184138e-007	3.249984e-001	5.000000e+000	8.190753e-001
9.286059581184138e-007	4.044288e-001	5.000000e+000	9.154186e-001
1.028605958118414e-006	4.917840e-001	5.000000e+000	1.010927e+000
1.128605958118414e-006	5.868204e-001	5.000000e+000	1.105522e+000
1.228605958118414e-006	6.892918e-001	5.000000e+000	1.199129e+000
1.328605958118414e-006	7.989495e-001	5.000000e+000	1.291674e+000
1.428605958118414e-006	9.155427e-001	5.000000e+000	1.383087e+000
1.528605958118413e-006	1.038818e+000	5.000000e+000	1.473299e+000
1.628605958118413e-006	1.168522e+000	5.000000e+000	1.562246e+000
1.828605958118413e-006	1.446190e+000	5.000000e+000	1.736092e+000
2.028605958118413e-006	1.746490e+000	5.000000e+000	1.904152e+000
2.228605958118413e-006	2.067357e+000	5.000000e+000	2.065995e+000
2.528605958118412e-006	2.582706e+000	5.000000e+000	2.296256e+000
2.828605958118412e-006	3.132764e+000	5.000000e+000	2.510514e+000
3.128605958118412e-006	3.710706e+000	5.000000e+000	2.707830e+000
3.385748815261268e-006	4.232474e+000	5.000000e+000	2.863147e+000
3.642891672404126e-006	4.756335e+000	5.000000e+000	3.004802e+000
3.900034529546983e-006	5.282289e+000	5.000000e+000	3.132795e+000
4.157177386689839e-006	5.810337e+000	5.000000e+000	3.247127e+000
4.414320243832696e-006	6.340478e+000	5.000000e+000	3.347796e+000
4.671463100975553e-006	6.872713e+000	5.000000e+000	3.434802e+000
4.928605958118410e-006	7.407041e+000	5.000000e+000	3.508147e+000
5.214320243832695e-006	7.986906e+000	5.000000e+000	3.572313e+000
5.500034529546981e-006	8.543178e+000	5.000000e+000	3.621863e+000
5.785748815261266e-006	9.075857e+000	5.000000e+000	3.656797e+000
6.071463100975551e-006	9.584943e+000	5.000000e+000	3.677115e+000
6.357177386689837e-006	1.007044e+001	5.000000e+000	3.682818e+000
6.642891672404123e-006	1.053234e+001	5.000000e+000	3.673904e+000
6.928605958118407e-006	1.097065e+001	5.000000e+000	3.650375e+000
7.171463100975551e-006	1.131378e+001	5.000000e+000	3.620999e+000
7.414320243832695e-006	1.163186e+001	5.000000e+000	3.585108e+000
7.657177386689840e-006	1.192491e+001	5.000000e+000	3.542703e+000
7.900034529546983e-006	1.219292e+001	5.000000e+000	3.493782e+000
8.142891672404127e-006	1.243588e+001	5.000000e+000	3.438346e+000
8.385748815261271e-006	1.265381e+001	5.000000e+000	3.376395e+000
8.628605958118414e-006	1.284669e+001	5.000000e+000	3.307929e+000
8.814320243832701e-006	1.297587e+001	5.000000e+000	3.253104e+000
9.000034529546989e-006	1.309074e+001	5.000000e+000	3.196683e+000
9.185748815261276e-006	1.319130e+001	5.000000e+000	3.138664e+000
9.371463100975562e-006	1.327755e+001	5.000000e+000	3.079049e+000
9.557177386689850e-006	1.334949e+001	5.000000e+000	3.017836e+000
9.742891672404137e-006	1.340713e+001	5.000000e+000	2.955027e+000
9.928605958118424e-006	1.345045e+001	5.000000e+000	2.890621e+000
1.012860595811843e-005	1.348293e+001	5.000000e+000	2.821206e+000
1.022860595811843e-005	1.349354e+001	5.000000e+000	2.786292e+000
1.032860595811843e-005	1.350048e+001	5.000000e+000	2.751292e+000
1.042860595811843e-005	1.350382e+001	5.000000e+000	2.716240e+000
1.052860595811843e-005	1.350361e+001	5.000000e+000	2.681173e+000
1.062860595811843e-005	1.349994e+001	5.000000e+000	2.646126e+000
1.072860595811843e-005	1.349288e+001	5.000000e+000	2.611133e+000
1.082860595811843e-005	1.348249e+001	5.000000e+000	2.576228e+000
1.092860595811843e-005	1.346886e+001	5.000000e+000	2.541443e+000
1.112860595811843e-005	1.343218e+001	5.000000e+000	2.472362e+000
1.132860595811843e-005	1.338348e+001	5.000000e+000	2.404137e+000
1.152860595811844e-005	1.332341e+001	5.000000e+000	2.337002e+000
1.182860595811844e-005	1.321350e+001	5.000000e+000	2.238822e+000
1.212860595811844e-005	1.308192e+001	5.000000e+000	2.144273e+000
1.242860595811844e-005	1.293109e+001	5.000000e+000	2.053968e+000
1.272860595811844e-005	1.276344e+001	5.000000e+000	1.968450e+000
1.302860595811845e-005	1.258140e+001	5.000000e+000	1.888184e+000
1.332860595811845e-005	1.238743e+001	5.000000e+000	1.813567e+000
1.362860595811845e-005	1.218389e+001	5.000000e+000	1.744920e+000
1.397146310097559e-005	1.193528e+001	5.000000e+000	1.674111e+000
1.431432024383274e-005	1.168806e+001	5.000000e+000	1.611769e+000
1.465717738668988e-005	1.144221e+001	5.000000e+000	1.557894e+000
1.500003452954703e-005	1.119775e+001	5.000000e+000	1.512487e+000
1.534289167240417e-005	1.095465e+001	5.000000e+000	1.475546e+000
1.568574881526131e-005	1.071294e+001	5.000000e+000	1.447073e+000
1.602860595811846e-005	1.047260e+001	5.000000e+000	1.427068e+000
1.631432024383274e-005	1.028368e+001	5.000000e+000	1.416912e+000
1.660003452954703e-005	1.010491e+001	5.000000e+000	1.411301e+000
1.688574881526131e-005	9.936298e+000	5.000000e+000	1.410235e+000
1.717146310097559e-005	9.777842e+000	5.000000e+000	1.413714e+000
1.745717738668987e-005	9.629542e+000	5.000000e+000	1.421738e+000
1.774289167240415e-005	9.491398e+000	5.000000e+000	1.434307e+000
1.802860595811844e-005	9.363411e+000	5.000000e+000	1.451421e+000
1.825717738668987e-005	9.270970e+000	5.000000e+000	1.467456e+000
1.848574881526129e-005	9.186445e+000	5.000000e+000	1.485061e+000
1.871432024383272e-005	9.109838e+000	5.000000e+000	1.504235e+000
1.894289167240414e-005	9.041147e+000	5.000000e+000	1.524979e+000
1.917146310097557e-005	8.980374e+000	5.000000e+000	1.547292e+000
1.940003452954700e-005	8.927517e+000	5.000000e+000	1.571174e+000
1.962860595811842e-005	8.882578e+000	5.000000e+000	1.596626e+000
1.978574881526128e-005	8.856287e+000	5.000000e+000	1.614505e+000
1.994289167240413e-005	8.833430e+000	5.000000e+000	1.632633e+000
2.010003452954699e-005	8.814009e+000	5.000000e+000	1.651012e+000
2.025717738668985e-005	8.798023e+000	5.000000e+000	1.669640e+000
2.041432024383270e-005	8.785472e+000	5.000000e+000	1.688519e+000
2.057146310097556e-005	8.776356e+000	5.000000e+000	1.707647e+000
2.072860595811841e-005	8.770675e+000	5.000000e+000	1.727026e+000
2.082860595811841e-005	8.768600e+000	5.000000e+000	1.739311e+000
2.092860595811841e-005	8.767781e+000	5.000000e+000	1.751610e+000
2.102860595811841e-005	8.768197e+000	5.000000e+000	1.763910e+000
2.112860595811841e-005	8.769823e+000	5.000000e+000	1.776201e+000
2.122860595811841e-005	8.772632e+000	5.000000e+000	1.788469e+000
2.132860595811841e-005	8.776598e+000	5.000000e+000	1.800703e+000
2.152860595811840e-005	8.787895e+000	5.000000e+000	1.825024e+000
2.172860595811840e-005	8.803492e+000	5.000000e+000	1.849075e+000
2.192860595811840e-005	8.823157e+000	5.000000e+000	1.872772e+000
2.212860595811840e-005	8.846657e+000	5.000000e+000	1.896037e+000
2.242860595811840e-005	8.888563e+000	5.000000e+000	1.929963e+000
2.272860595811839e-005	8.937710e+000	5.000000e+000	1.962520e+000
2.302860595811839e-005	8.993248e+000	5.000000e+000	1.993503e+000
2.332860595811839e-005	9.054320e+000	5.000000e+000	2.022735e+000
2.362860595811838e-005	9.120071e+000	5.000000e+000	2.050061e+000
2.392860595811838e-005	9.189653e+000	5.000000e+000	2.075355e+000
2.427146310097552e-005	9.275440e+000	5.000000e+000	2.101682e+000
2.461432024383266e-005	9.361245e+000	5.000000e+000	2.125035e+000
2.495717738668980e-005	9.447071e+000	5.000000e+000	2.145414e+000
2.530003452954694e-005	9.532916e+000	5.000000e+000	2.162818e+000
2.564289167240408e-005	9.618781e+000	5.000000e+000	2.177247e+000
2.598574881526122e-005	9.704666e+000	5.000000e+000	2.188703e+000
2.632860595811836e-005	9.790570e+000	5.000000e+000	2.197184e+000
2.661432024383264e-005	9.858440e+000	5.000000e+000	2.201899e+000
2.690003452954692e-005	9.922906e+000	5.000000e+000	2.204961e+000
2.718574881526121e-005	9.983969e+000	5.000000e+000	2.206368e+000
2.747146310097549e-005	1.004163e+001	5.000000e+000	2.206120e+000
2.775717738668977e-005	1.009589e+001	5.000000e+000	2.204219e+000
2.804289167240406e-005	1.014674e+001	5.000000e+000	2.200663e+000
2.832860595811834e-005	1.019419e+001	5.000000e+000	2.195453e+000
2.857146310097548e-005	1.023075e+001	5.000000e+000	2.190040e+000
2.881432024383262e-005	1.026418e+001	5.000000e+000	2.183967e+000
2.905717738668976e-005	1.029447e+001	5.000000e+000	2.177234e+000
2.930003452954690e-005	1.032164e+001	5.000000e+000	2.169841e+000
2.954289167240404e-005	1.034568e+001	5.000000e+000	2.161789e+000
2.978574881526118e-005	1.036658e+001	5.000000e+000	2.153077e+000
3.002860595811832e-005	1.038435e+001	5.000000e+000	2.143705e+000
3.018574881526118e-005	1.039416e+001	5.000000e+000	2.137502e+000
3.034289167240404e-005	1.040275e+001	5.000000e+000	2.131202e+000
3.050003452954690e-005	1.041013e+001	5.000000e+000	2.124806e+000
3.065717738668976e-005	1.041629e+001	5.000000e+000	2.118313e+000
3.081432024383262e-005	1.042123e+001	5.000000e+000	2.111724e+000
3.097146310097547e-005	1.042496e+001	5.000000e+000	2.105038e+000
3.112860595811834e-005	1.042748e+001	5.000000e+000	2.098257e+000
3.122860595811834e-005	1.042853e+001	5.000000e+000	2.093953e+000
3.132860595811834e-005	1.042913e+001	5.000000e+000	2.089642e+000
3.142860595811834e-005	1.042929e+001	5.000000e+000	2.085327e+000
3.152860595811835e-005	1.042903e+001	5.000000e+000	2.081012e+000
3.162860595811835e-005	1.042834e+001	5.000000e+000	2.076703e+000
3.172860595811835e-005	1.042724e+001	5.000000e+000	2.072402e+000
3.182860595811835e-005	1.042574e+001	5.000000e+000	2.068115e+000
3.202860595811836e-005	1.042156e+001	5.000000e+000	2.059594e+000
3.222860595811836e-005	1.041588e+001	5.000000e+000	2.051173e+000
3.242860595811837e-005	1.040879e+001	5.000000e+000	2.042879e+000
3.262860595811837e-005	1.040036e+001	5.000000e+000	2.034741e+000
3.292860595811838e-005	1.038541e+001	5.000000e+000	2.022882e+000
3.322860595811839e-005	1.036794e+001	5.000000e+000	2.011510e+000
3.352860595811839e-005	1.034827e+001	5.000000e+000	2.000696e+000
3.382860595811840e-005	1.032668e+001	5.000000e+000	1.990502e+000
3.412860595811841e-005	1.030347e+001	5.000000e+000	1.980981e+000
3.442860595811842e-005	1.027895e+001	5.000000e+000	1.972177e+000
3.477146310097557e-005	1.024877e+001	5.000000e+000	1.963026e+000
3.511432024383272e-005	1.021861e+001	5.000000e+000	1.954919e+000
3.545717738668987e-005	1.018847e+001	5.000000e+000	1.947855e+000
3.580003452954702e-005	1.015835e+001	5.000000e+000	1.941834e+000
3.614289167240417e-005	1.012826e+001	5.000000e+000	1.936857e+000
3.648574881526132e-005	1.009819e+001	5.000000e+000	1.932923e+000
3.682860595811847e-005	1.006814e+001	5.000000e+000	1.930032e+000
3.711432024383277e-005	1.004442e+001	5.000000e+000	1.928445e+000
3.740003452954706e-005	1.002190e+001	5.000000e+000	1.927435e+000
3.768574881526135e-005	1.000059e+001	5.000000e+000	1.927001e+000
3.797146310097564e-005	9.980478e+000	5.000000e+000	1.927145e+000
3.825717738668994e-005	9.961572e+000	5.000000e+000	1.927865e+000
3.854289167240423e-005	9.943869e+000	5.000000e+000	1.929163e+000
3.882860595811852e-005	9.927369e+000	5.000000e+000	1.931037e+000
3.905717738668995e-005	9.915386e+000	5.000000e+000	1.932842e+000
3.928574881526139e-005	9.904376e+000	5.000000e+000	1.934855e+000
3.951432024383282e-005	9.894340e+000	5.000000e+000	1.937075e+000
3.974289167240426e-005	9.885277e+000	5.000000e+000	1.939502e+000
3.997146310097569e-005	9.877188e+000	5.000000e+000	1.942136e+000
4.020003452954713e-005	9.870072e+000	5.000000e+000	1.944977e+000
4.042860595811856e-005	9.863930e+000	5.000000e+000	1.948025e+000
4.060003452954714e-005	9.859978e+000	5.000000e+000	1.950378e+000
4.077146310097571e-005	9.856534e+000	5.000000e+000	1.952772e+000
4.094289167240429e-005	9.853600e+000	5.000000e+000	1.955207e+000
4.111432024383286e-005	9.851174e+000	5.000000e+000	1.957683e+000
4.128574881526144e-005	9.849257e+000	5.000000e+000	1.960201e+000
4.145717738669001e-005	9.847849e+000	5.000000e+000	1.962761e+000
4.162860595811859e-005	9.846950e+000	5.000000e+000	1.965362e+000
4.172860595811859e-005	9.846625e+000	5.000000e+000	1.966872e+000
4.182860595811860e-005	9.846457e+000	5.000000e+000	1.968385e+000
4.192860595811860e-005	9.846443e+000	5.000000e+000	1.969899e+000
4.202860595811860e-005	9.846579e+000	5.000000e+000	1.971412e+000
4.212860595811860e-005	9.846861e+000	5.000000e+000	1.972923e+000
4.222860595811861e-005	9.847287e+000	5.000000e+000	1.974431e+000
4.232860595811861e-005	9.847854e+000	5.000000e+000	1.975933e+000
4.252860595811861e-005	9.849396e+000	5.000000e+000	1.978918e+000
4.272860595811862e-005	9.851459e+000	5.000000e+000	1.981867e+000
4.292860595811862e-005	9.854014e+000	5.000000e+000	1.984769e+000
4.322860595811863e-005	9.858707e+000	5.000000e+000	1.989015e+000
4.352860595811864e-005	9.864342e+000	5.000000e+000	1.993105e+000
4.382860595811865e-005	9.870813e+000	5.000000e+000	1.997014e+000
4.412860595811865e-005	9.878016e+000	5.000000e+000	2.000717e+000
4.442860595811866e-005	9.885844e+000	5.000000e+000	2.004194e+000
4.472860595811867e-005	9.894194e+000	5.000000e+000	2.007428e+000
4.502860595811867e-005	9.902962e+000	5.000000e+000	2.010406e+000
4.537146310097582e-005	9.913680e+000	5.000000e+000	2.013479e+000
4.571432024383297e-005	9.924344e+000	5.000000e+000	2.016187e+000
4.605717738669012e-005	9.934954e+000	5.000000e+000	2.018529e+000
4.640003452954728e-005	9.945510e+000	5.000000e+000	2.020506e+000
4.674289167240443e-005	9.956012e+000	5.000000e+000	2.022117e+000
4.708574881526158e-005	9.966460e+000	5.000000e+000	2.023363e+000
4.742860595811873e-005	9.976853e+000	5.000000e+000	2.024242e+000
4.771432024383302e-005	9.985028e+000	5.000000e+000	2.024694e+000
4.800003452954732e-005	9.992766e+000	5.000000e+000	2.024948e+000
4.828574881526161e-005	1.000007e+001	5.000000e+000	2.025005e+000
4.857146310097590e-005	1.000693e+001	5.000000e+000	2.024866e+000
4.885717738669020e-005	1.001336e+001	5.000000e+000	2.024529e+000
4.914289167240449e-005	1.001935e+001	5.000000e+000	2.023996e+000
4.942860595811878e-005	1.002490e+001	5.000000e+000	2.023266e+000
5.102860595811882e-005	1.004582e+001	5.000000e+000	2.017030e+000
5.118574881526168e-005	1.004697e+001	5.000000e+000	2.016260e+000
5.134289167240454e-005	1.004798e+001	5.000000e+000	2.015479e+000
5.150003452954741e-005	1.004883e+001	5.000000e+000	2.014686e+000
5.165717738669026e-005	1.004953e+001	5.000000e+000	2.013883e+000
5.181432024383312e-005	1.005009e+001	5.000000e+000	2.013069e+000
5.197146310097598e-005	1.005050e+001	5.000000e+000	2.012244e+000
5.212860595811885e-005	1.005076e+001	5.000000e+000	2.011408e+000
5.222860595811885e-005	1.005086e+001	5.000000e+000	2.010878e+000
5.232860595811885e-005	1.005090e+001	5.000000e+000	2.010347e+000
5.242860595811885e-005	1.005089e+001	5.000000e+000	2.009816e+000
5.252860595811886e-005	1.005083e+001	5.000000e+000	2.009285e+000
5.262860595811886e-005	1.005071e+001	5.000000e+000	2.008755e+000
5.272860595811886e-005	1.005055e+001	5.000000e+000	2.008227e+000
5.282860595811886e-005	1.005034e+001	5.000000e+000	2.007700e+000
5.302860595811887e-005	1.004977e+001	5.000000e+000	2.006655e+000
5.322860595811887e-005	1.004902e+001	5.000000e+000	2.005623e+000
5.342860595811888e-005	1.004810e+001	5.000000e+000	2.004607e+000
5.372860595811889e-005	1.004642e+001	5.000000e+000	2.003122e+000
5.402860595811889e-005	1.004442e+001	5.000000e+000	2.001693e+000
5.432860595811890e-005	1.004212e+001	5.000000e+000	2.000328e+000
5.462860595811891e-005	1.003957e+001	5.000000e+000	1.999036e+000
5.492860595811891e-005	1.003681e+001	5.000000e+000	1.997824e+000
5.522860595811892e-005	1.003386e+001	5.000000e+000	1.996698e+000
5.552860595811893e-005	1.003078e+001	5.000000e+000	1.995662e+000
5.587146310097608e-005	1.002701e+001	5.000000e+000	1.994595e+000
5.621432024383323e-005	1.002326e+001	5.000000e+000	1.993655e+000
5.655717738669038e-005	1.001954e+001	5.000000e+000	1.992844e+000
5.690003452954754e-005	1.001583e+001	5.000000e+000	1.992161e+000
5.724289167240469e-005	1.001215e+001	5.000000e+000	1.991606e+000
5.758574881526184e-005	1.000850e+001	5.000000e+000	1.991180e+000
5.792860595811899e-005	1.000486e+001	5.000000e+000	1.990881e+000
5.821432024383328e-005	1.000201e+001	5.000000e+000	1.990731e+000
5.850003452954758e-005	9.999306e+000	5.000000e+000	1.990649e+000
5.878574881526187e-005	9.996759e+000	5.000000e+000	1.990637e+000
5.907146310097616e-005	9.994366e+000	5.000000e+000	1.990692e+000
5.935717738669045e-005	9.992128e+000	5.000000e+000	1.990817e+000
5.964289167240475e-005	9.990043e+000	5.000000e+000	1.991010e+000
5.992860595811904e-005	9.988113e+000	5.000000e+000	1.991271e+000
6.015717738669047e-005	9.986720e+000	5.000000e+000	1.991516e+000
6.038574881526191e-005	9.985446e+000	5.000000e+000	1.991784e+000
6.061432024383334e-005	9.984293e+000	5.000000e+000	1.992076e+000
6.084289167240477e-005	9.983259e+000	5.000000e+000	1.992391e+000
6.107146310097621e-005	9.982345e+000	5.000000e+000	1.992730e+000
6.130003452954764e-005	9.981552e+000	5.000000e+000	1.993093e+000
6.152860595811908e-005	9.980878e+000	5.000000e+000	1.993479e+000
6.168574881526193e-005	9.980484e+000	5.000000e+000	1.993751e+000
6.184289167240480e-005	9.980142e+000	5.000000e+000	1.994026e+000
6.200003452954765e-005	9.979852e+000	5.000000e+000	1.994304e+000
6.215717738669052e-005	9.979614e+000	5.000000e+000	1.994587e+000
6.231432024383338e-005	9.979428e+000	5.000000e+000	1.994873e+000
6.247146310097625e-005	9.979294e+000	5.000000e+000	1.995163e+000
6.262860595811910e-005	9.979212e+000	5.000000e+000	1.995456e+000
6.272860595811910e-005	9.979182e+000	5.000000e+000	1.995642e+000
6.282860595811911e-005	9.979173e+000	5.000000e+000	1.995829e+000
6.292860595811911e-005	9.979181e+000	5.000000e+000	1.996015e+000
6.302860595811911e-005	9.979208e+000	5.000000e+000	1.996201e+000
6.312860595811911e-005	9.979254e+000	5.000000e+000	1.996387e+000
6.322860595811912e-005	9.979315e+000	5.000000e+000	1.996572e+000
6.342860595811912e-005	9.979490e+000	5.000000e+000	1.996940e+000
6.362860595811913e-005	9.979731e+000	5.000000e+000	1.997304e+000
6.382860595811913e-005	9.980032e+000	5.000000e+000	1.997662e+000
6.402860595811914e-005	9.980392e+000	5.000000e+000	1.998014e+000
6.432860595811914e-005	9.981030e+000	5.000000e+000	1.998527e+000
6.462860595811915e-005	9.981780e+000	5.000000e+000	1.999019e+000
6.492860595811916e-005	9.982624e+000	5.000000e+000	1.999487e+000
6.522860595811917e-005	9.983553e+000	5.000000e+000	1.999929e+000
6.552860595811917e-005	9.984550e+000	5.000000e+000	2.000341e+000
6.582860595811918e-005	9.985607e+000	5.000000e+000	2.000723e+000
6.617146310097634e-005	9.986908e+000	5.000000e+000	2.001120e+000
6.651432024383348e-005	9.988209e+000	5.000000e+000	2.001472e+000
6.685717738669064e-005	9.989509e+000	5.000000e+000	2.001779e+000
6.720003452954778e-005	9.990809e+000	5.000000e+000	2.002041e+000
6.754289167240494e-005	9.992109e+000	5.000000e+000	2.002258e+000
6.788574881526208e-005	9.993409e+000	5.000000e+000	2.002430e+000
6.822860595811924e-005	9.994708e+000	5.000000e+000	2.002557e+000
6.851432024383353e-005	9.995734e+000	5.000000e+000	2.002627e+000
6.880003452954782e-005	9.996708e+000	5.000000e+000	2.002672e+000
6.908574881526211e-005	9.997631e+000	5.000000e+000	2.002692e+000
6.937146310097641e-005	9.998502e+000	5.000000e+000	2.002687e+000
6.965717738669071e-005	9.999321e+000	5.000000e+000	2.002658e+000
6.994289167240500e-005	1.000009e+001	5.000000e+000	2.002603e+000
7.022860595811929e-005	1.000080e+001	5.000000e+000	2.002523e+000
7.045717738669072e-005	1.000132e+001	5.000000e+000	2.002446e+000
7.068574881526215e-005	1.000180e+001	5.000000e+000	2.002360e+000
7.091432024383359e-005	1.000224e+001	5.000000e+000	2.002265e+000
7.114289167240503e-005	1.000263e+001	5.000000e+000	2.002161e+000
7.137146310097646e-005	1.000299e+001	5.000000e+000	2.002047e+000
7.160003452954789e-005	1.000330e+001	5.000000e+000	2.001925e+000
7.182860595811933e-005	1.000356e+001	5.000000e+000	2.001794e+000
7.200003452954790e-005	1.000374e+001	5.000000e+000	2.001693e+000
7.217146310097648e-005	1.000389e+001	5.000000e+000	2.001590e+000
7.234289167240505e-005	1.000402e+001	5.000000e+000	2.001485e+000
7.251432024383363e-005	1.000412e+001	5.000000e+000	2.001378e+000
7.268574881526220e-005	1.000421e+001	5.000000e+000	2.001269e+000
7.285717738669078e-005	1.000427e+001	5.000000e+000	2.001159e+000
7.302860595811935e-005	1.000431e+001	5.000000e+000	2.001047e+000
7.312860595811936e-005	1.000432e+001	5.000000e+000	2.000981e+000
7.322860595811936e-005	1.000433e+001	5.000000e+000	2.000916e+000
7.332860595811936e-005	1.000434e+001	5.000000e+000	2.000851e+000
7.342860595811936e-005	1.000433e+001	5.000000e+000	2.000785e+000
7.352860595811937e-005	1.000432e+001	5.000000e+000	2.000720e+000
7.362860595811937e-005	1.000430e+001	5.000000e+000	2.000655e+000
7.372860595811937e-005	1.000428e+001	5.000000e+000	2.000590e+000
7.392860595811938e-005	1.000421e+001	5.000000e+000	2.000461e+000
7.412860595811938e-005	1.000413e+001	5.000000e+000	2.000334e+000
7.432860595811939e-005	1.000402e+001	5.000000e+000	2.000208e+000
7.452860595811939e-005	1.000389e+001	5.000000e+000	2.000085e+000
7.482860595811940e-005	1.000366e+001	5.000000e+000	1.999906e+000
7.512860595811941e-005	1.000339e+001	5.000000e+000	1.999734e+000
7.542860595811941e-005	1.000309e+001	5.000000e+000	1.999571e+000
7.572860595811942e-005	1.000277e+001	5.000000e+000	1.999417e+000
7.602860595811943e-005	1.000241e+001	5.000000e+000	1.999273e+000
7.632860595811943e-005	1.000204e+001	5.000000e+000	1.999140e+000
7.667146310097659e-005	1.000158e+001	5.000000e+000	1.999002e+000
7.701432024383374e-005	1.000113e+001	5.000000e+000	1.998880e+000
7.735717738669089e-005	1.000067e+001	5.000000e+000	1.998774e+000
7.770003452954804e-005	1.000021e+001	5.000000e+000	1.998683e+000
7.804289167240519e-005	9.999759e+000	5.000000e+000	1.998608e+000
7.838574881526234e-005	9.999304e+000	5.000000e+000	1.998549e+000
7.872860595811949e-005	9.998850e+000	5.000000e+000	1.998506e+000
7.901432024383378e-005	9.998491e+000	5.000000e+000	1.998482e+000
7.930003452954807e-005	9.998151e+000	5.000000e+000	1.998467e+000
7.958574881526237e-005	9.997829e+000	5.000000e+000	1.998461e+000
7.987146310097667e-005	9.997525e+000	5.000000e+000	1.998464e+000
8.015717738669096e-005	9.997240e+000	5.000000e+000	1.998475e+000
8.044289167240525e-005	9.996972e+000	5.000000e+000	1.998495e+000
8.072860595811954e-005	9.996723e+000	5.000000e+000	1.998524e+000
8.095717738669098e-005	9.996543e+000	5.000000e+000	1.998551e+000
8.118574881526240e-005	9.996377e+000	5.000000e+000	1.998582e+000
8.141432024383384e-005	9.996226e+000	5.000000e+000	1.998616e+000
8.164289167240528e-005	9.996089e+000	5.000000e+000	1.998653e+000
8.187146310097672e-005	9.995968e+000	5.000000e+000	1.998693e+000
8.210003452954814e-005	9.995861e+000	5.000000e+000	1.998736e+000
8.232860595811958e-005	9.995769e+000	5.000000e+000	1.998782e+000
8.250003452954815e-005	9.995709e+000	5.000000e+000	1.998818e+000
8.267146310097674e-005	9.995657e+000	5.000000e+000	1.998854e+000
8.284289167240531e-005	9.995613e+000	5.000000e+000	1.998891e+000
8.301432024383388e-005	9.995577e+000	5.000000e+000	1.998929e+000
8.318574881526245e-005	9.995549e+000	5.000000e+000	1.998967e+000
8.335717738669104e-005	9.995528e+000	5.000000e+000	1.999006e+000
8.352860595811961e-005	9.995516e+000	5.000000e+000	1.999045e+000
8.362860595811961e-005	9.995511e+000	5.000000e+000	1.999068e+000
8.372860595811961e-005	9.995508e+000	5.000000e+000	1.999091e+000
8.382860595811962e-005	9.995508e+000	5.000000e+000	1.999114e+000
8.392860595811962e-005	9.995511e+000	5.000000e+000	1.999137e+000
8.402860595811962e-005	9.995516e+000	5.000000e+000	1.999160e+000
8.412860595811962e-005	9.995522e+000	5.000000e+000	1.999182e+000
8.422860595811963e-005	9.995531e+000	5.000000e+000	1.999205e+000
8.442860595811963e-005	9.995555e+000	5.000000e+000	1.999250e+000
8.462860595811964e-005	9.995586e+000	5.000000e+000	1.999295e+000
8.482860595811964e-005	9.995625e+000	5.000000e+000	1.999339e+000
8.512860595811965e-005	9.995697e+000	5.000000e+000	1.999403e+000
8.542860595811966e-005	9.995783e+000	5.000000e+000	1.999465e+000
8.572860595811966e-005	9.995882e+000	5.000000e+000	1.999524e+000
8.602860595811967e-005	9.995991e+000	5.000000e+000	1.999580e+000
8.632860595811968e-005	9.996110e+000	5.000000e+000	1.999632e+000
8.662860595811969e-005	9.996237e+000	5.000000e+000	1.999681e+000
8.692860595811969e-005	9.996369e+000	5.000000e+000	1.999726e+000
8.727146310097685e-005	9.996532e+000	5.000000e+000	1.999772e+000
8.761432024383399e-005	9.996694e+000	5.000000e+000	1.999813e+000
8.795717738669115e-005	9.996855e+000	5.000000e+000	1.999849e+000
8.830003452954829e-005	9.997015e+000	5.000000e+000	1.999878e+000
8.864289167240545e-005	9.997174e+000	5.000000e+000	1.999902e+000
8.898574881526259e-005	9.997332e+000	5.000000e+000	1.999921e+000
8.932860595811975e-005	9.997489e+000	5.000000e+000	1.999934e+000
8.961432024383404e-005	9.997613e+000	5.000000e+000	1.999941e+000
8.990003452954833e-005	9.997729e+000	5.000000e+000	1.999945e+000
9.018574881526262e-005	9.997840e+000	5.000000e+000	1.999945e+000
9.047146310097693e-005	9.997943e+000	5.000000e+000	1.999943e+000
9.075717738669122e-005	9.998040e+000	5.000000e+000	1.999938e+000
9.104289167240551e-005	9.998131e+000	5.000000e+000	1.999930e+000
9.132860595811980e-005	9.998215e+000	5.000000e+000	1.999919e+000
9.292860595811984e-005	9.998529e+000	5.000000e+000	1.999824e+000
9.308574881526269e-005	9.998547e+000	5.000000e+000	1.999812e+000
9.324289167240556e-005	9.998562e+000	5.000000e+000	1.999800e+000
9.340003452954842e-005	9.998574e+000	5.000000e+000	1.999788e+000
9.355717738669129e-005	9.998585e+000	5.000000e+000	1.999776e+000
9.371432024383414e-005	9.998593e+000	5.000000e+000	1.999764e+000
9.387146310097701e-005	9.998599e+000	5.000000e+000	1.999751e+000
9.402860595811987e-005	9.998603e+000	5.000000e+000	1.999739e+000
9.412860595811987e-005	9.998604e+000	5.000000e+000	1.999730e+000
9.422860595811987e-005	9.998605e+000	5.000000e+000	1.999722e+000
9.432860595811987e-005	9.998605e+000	5.000000e+000	1.999714e+000
9.442860595811987e-005	9.998604e+000	5.000000e+000	1.999706e+000
9.452860595811988e-005	9.998602e+000	5.000000e+000	1.999698e+000
9.462860595811988e-005	9.998599e+000	5.000000e+000	1.999690e+000
9.482860595811988e-005	9.998591e+000	5.000000e+000	1.999674e+000
9.502860595811989e-005	9.998581e+000	5.000000e+000	1.999659e+000
9.522860595811989e-005	9.998569e+000	5.000000e+000	1.999643e+000
9.542860595811990e-005	9.998553e+000	5.000000e+000	1.999628e+000
9.572860595811991e-005	9.998527e+000	5.000000e+000	1.999606e+000
9.602860595811991e-005	9.998494e+000	5.000000e+000	1.999584e+000
9.632860595811992e-005	9.998458e+000	5.000000e+000	1.999564e+000
9.662860595811993e-005	9.998418e+000	5.000000e+000	1.999545e+000
9.692860595811994e-005	9.998375e+000	5.000000e+000	1.999527e+000
9.722860595811994e-005	9.998329e+000	5.000000e+000	1.999511e+000
9.757146310097710e-005	9.998273e+000	5.000000e+000	1.999493e+000
9.791432024383424e-005	9.998217e+000	5.000000e+000	1.999478e+000
9.825717738669140e-005	9.998161e+000	5.000000e+000	1.999465e+000
9.860003452954854e-005	9.998105e+000	5.000000e+000	1.999453e+000
9.894289167240570e-005	9.998049e+000	5.000000e+000	1.999444e+000
9.928574881526284e-005	9.997992e+000	5.000000e+000	1.999436e+000
9.962860595812000e-005	9.997936e+000	5.000000e+000	1.999431e+000
9.992860595812001e-005	9.997890e+000	5.000000e+000	1.999428e+000
1.000000000000000e-004	9.997880e+000	5.000000e+000	1.999427e+000
