time	V(vout)	V(n003)
0.000000000000000e+000	5.005000e-008	0.000000e+000
1.748046825561858e-010	5.005000e-008	8.740234e-001
1.787109324457095e-010	5.005000e-008	8.935547e-001
1.802127057159941e-010	5.005000e-008	9.010635e-001
1.814439216667788e-010	5.005000e-008	9.072196e-001
1.823859920822980e-010	5.005000e-008	9.119300e-001
1.834645044189804e-010	5.005001e-008	9.173225e-001
1.845324089826705e-010	5.005003e-008	9.226620e-001
1.854774512758999e-010	5.005005e-008	9.273872e-001
1.863328020517022e-010	5.005010e-008	9.316640e-001
1.871373899848015e-010	5.005018e-008	9.356869e-001
1.879935839947905e-010	5.005031e-008	9.399679e-001
1.887745014014977e-010	5.005054e-008	9.438725e-001
1.895911782690957e-010	5.005094e-008	9.479559e-001
1.904117459415924e-010	5.005161e-008	9.520587e-001
1.913729121933977e-010	5.005296e-008	9.568645e-001
1.926456945063839e-010	5.005587e-008	9.632285e-001
1.942106446666873e-010	5.006146e-008	9.710532e-001
1.961017442510596e-010	5.007130e-008	9.805087e-001
1.981652372968169e-010	5.008653e-008	9.908262e-001
2.014230329920849e-010	5.012132e-008	1.007115e+000
3.155054568503585e-010	5.945439e-008	1.577527e+000
4.295878807086321e-010	8.128981e-008	2.147939e+000
5.436703045669057e-010	1.156276e-007	2.718351e+000
6.577527284251793e-010	1.624677e-007	3.288764e+000
7.718351522834530e-010	2.218102e-007	3.859176e+000
8.859175761417266e-010	2.936550e-007	4.429588e+000
1.000000000000000e-009	3.780022e-007	5.000000e+000
1.116549901931643e-009	4.815348e-007	5.000000e+000
1.249749789853521e-009	6.204473e-007	5.000000e+000
1.516149565697277e-009	9.647883e-007	5.000000e+000
2.048949117384789e-009	1.919508e-006	5.000000e+000
3.114548220759812e-009	4.892885e-006	5.000000e+000
5.245746427509859e-009	1.509369e-005	5.000000e+000
9.508142841009951e-009	5.249781e-005	5.000000e+000
1.803293566801014e-008	1.952067e-004	5.000000e+000
3.508252132201051e-008	7.513465e-004	5.000000e+000
6.918169263001126e-008	2.939406e-003	5.000000e+000
1.373800352460128e-007	1.093042e-002	5.000000e+000
2.350362852460128e-007	2.938210e-002	5.000000e+000
3.326925352460128e-007	5.620086e-002	5.000000e+000
4.303487852460128e-007	9.188989e-002	5.000000e+000
5.280050352460128e-007	1.362438e-001	5.000000e+000
6.256612852460128e-007	1.890532e-001	5.000000e+000
7.233175352460129e-007	2.501044e-001	5.000000e+000
8.209737852460129e-007	3.191804e-001	5.000000e+000
9.186300352460130e-007	3.960607e-001	5.000000e+000
1.016286285246013e-006	4.805217e-001	5.000000e+000
1.113942535246013e-006	5.723369e-001	5.000000e+000
1.211598785246013e-006	6.712774e-001	5.000000e+000
1.309255035246013e-006	7.771118e-001	5.000000e+000
1.406911285246013e-006	8.896067e-001	5.000000e+000
1.504567535246013e-006	1.008527e+000	5.000000e+000
1.602223785246013e-006	1.133636e+000	5.000000e+000
1.797536285246013e-006	1.401469e+000	5.000000e+000
1.992848785246013e-006	1.691190e+000	5.000000e+000
2.188161285246013e-006	2.000877e+000	5.000000e+000
2.481130035246012e-006	2.498639e+000	5.000000e+000
2.774098785246012e-006	3.030541e+000	5.000000e+000
3.011263963817440e-006	3.489505e+000	5.000000e+000
3.248429142388869e-006	3.955502e+000	5.000000e+000
3.485594320960298e-006	4.428530e+000	5.000000e+000
3.722759499531727e-006	4.908590e+000	5.000000e+000
3.959924678103155e-006	5.395681e+000	5.000000e+000
4.197089856674584e-006	5.889805e+000	5.000000e+000
4.434255035246012e-006	6.390960e+000	5.000000e+000
4.515218601639439e-006	6.559243e+000	5.000000e+000
4.596182168032866e-006	6.726805e+000	5.000000e+000
4.677145734426293e-006	6.893647e+000	5.000000e+000
4.758109300819719e-006	7.059767e+000	5.000000e+000
4.839072867213146e-006	7.225168e+000	5.000000e+000
4.920036433606574e-006	7.389847e+000	5.000000e+000
5.001000000000000e-006	7.553806e+000	5.000000e+000
5.001750000000823e-006	7.555318e+000	1.250000e+000
5.001775000000741e-006	7.555368e+000	1.125000e+000
5.001825000000577e-006	7.555469e+000	8.750000e-001
5.001826562500572e-006	7.555472e+000	8.671875e-001
5.002000000000001e-006	7.555822e+000	0.000000e+000
5.186689659541067e-006	7.905801e+000	0.000000e+000
5.371379319082133e-006	8.218023e+000	0.000000e+000
5.556068978623199e-006	8.492488e+000	0.000000e+000
5.740758638164265e-006	8.729194e+000	0.000000e+000
5.925448297705331e-006	8.928143e+000	0.000000e+000
6.110137957246397e-006	9.089334e+000	0.000000e+000
6.294827616787463e-006	9.212768e+000	0.000000e+000
6.490140116787463e-006	9.306084e+000	0.000000e+000
6.587796366787463e-006	9.338253e+000	0.000000e+000
6.685452616787464e-006	9.360970e+000	0.000000e+000
6.783108866787464e-006	9.374396e+000	0.000000e+000
6.880765116787464e-006	9.378697e+000	0.000000e+000
6.978421366787464e-006	9.374046e+000	0.000000e+000
7.076077616787465e-006	9.360622e+000	0.000000e+000
7.173733866787465e-006	9.338606e+000	0.000000e+000
7.271390116787465e-006	9.308186e+000	0.000000e+000
7.466702616787466e-006	9.222900e+000	0.000000e+000
7.662015116787466e-006	9.106345e+000	0.000000e+000
7.857327616787465e-006	8.960155e+000	0.000000e+000
8.150296366787463e-006	8.688997e+000	0.000000e+000
8.443265116787461e-006	8.360798e+000	0.000000e+000
8.638577616787460e-006	8.113260e+000	0.000000e+000
8.736233866787460e-006	7.981542e+000	0.000000e+000
8.833890116787459e-006	7.844824e+000	0.000000e+000
8.931546366787458e-006	7.703523e+000	0.000000e+000
9.012499995648667e-006	7.583604e+000	0.000000e+000
9.019507109069039e-006	7.573070e+000	0.000000e+000
9.020384036416730e-006	7.571743e+000	0.000000e+000
9.020391097527107e-006	7.571732e+000	0.000000e+000
9.020395819873368e-006	7.571724e+000	0.000000e+000
9.020397047724771e-006	7.571722e+000	0.000000e+000
9.020398275576175e-006	7.571721e+000	0.000000e+000
9.020399503427578e-006	7.571719e+000	0.000000e+000
9.020400731278981e-006	7.571717e+000	0.000000e+000
9.020401959130384e-006	7.571715e+000	0.000000e+000
9.020403186981787e-006	7.571713e+000	0.000000e+000
9.020404414833190e-006	7.571712e+000	0.000000e+000
9.160346641285592e-006	7.363469e+000	0.000000e+000
9.300288867737994e-006	7.160489e+000	0.000000e+000
9.440231094190395e-006	6.962770e+000	0.000000e+000
9.580173320642797e-006	6.770313e+000	0.000000e+000
9.720115547095197e-006	6.583118e+000	0.000000e+000
9.860057773547599e-006	6.401184e+000	0.000000e+000
1.000000000000000e-005	6.224512e+000	0.000000e+000
1.000002603002396e-005	6.224479e+000	1.301501e-001
1.000005206004793e-005	6.224447e+000	2.603002e-001
1.000007809007189e-005	6.224414e+000	3.904504e-001
1.000010412009585e-005	6.224382e+000	5.206005e-001
1.000013015011982e-005	6.224350e+000	6.507506e-001
1.000015618014378e-005	6.224317e+000	7.809007e-001
1.000018221016774e-005	6.224285e+000	9.110509e-001
1.000018266498914e-005	6.224284e+000	9.133250e-001
1.000018311981054e-005	6.224284e+000	9.155991e-001
1.000018357463193e-005	6.224283e+000	9.178732e-001
1.000018402945333e-005	6.224282e+000	9.201473e-001
1.000018448427473e-005	6.224282e+000	9.224214e-001
1.000018493909613e-005	6.224281e+000	9.246955e-001
1.000018539391752e-005	6.224281e+000	9.269696e-001
1.000018606023608e-005	6.224280e+000	9.303012e-001
1.000018679848900e-005	6.224279e+000	9.339924e-001
1.000018752488877e-005	6.224278e+000	9.376245e-001
1.000018827999122e-005	6.224277e+000	9.413999e-001
1.000018902668509e-005	6.224277e+000	9.451334e-001
1.000018981094038e-005	6.224276e+000	9.490547e-001
1.000019064704040e-005	6.224275e+000	9.532352e-001
1.000019164880768e-005	6.224273e+000	9.582440e-001
1.000019312810777e-005	6.224271e+000	9.656405e-001
1.000019473501496e-005	6.224269e+000	9.736751e-001
1.000019666348478e-005	6.224267e+000	9.833174e-001
1.000019892210011e-005	6.224264e+000	9.946105e-001
1.000100000000000e-005	6.223267e+000	5.000000e+000
1.001929705712098e-005	6.200649e+000	5.000000e+000
1.003759411424197e-005	6.178272e+000	5.000000e+000
1.005589117136295e-005	6.156137e+000	5.000000e+000
1.007418822848394e-005	6.134243e+000	5.000000e+000
1.009248528560492e-005	6.112590e+000	5.000000e+000
1.011078234272590e-005	6.091178e+000	5.000000e+000
1.012907939984689e-005	6.070008e+000	5.000000e+000
1.022673564984689e-005	5.959816e+000	5.000000e+000
1.032439189984688e-005	5.855066e+000	5.000000e+000
1.042204814984688e-005	5.756255e+000	5.000000e+000
1.061736064984688e-005	5.576360e+000	5.000000e+000
1.091032939984688e-005	5.350357e+000	5.000000e+000
1.106378922127545e-005	5.253309e+000	5.000000e+000
1.121724904270402e-005	5.169579e+000	5.000000e+000
1.137070886413259e-005	5.099167e+000	5.000000e+000
1.152416868556116e-005	5.042072e+000	5.000000e+000
1.167762850698973e-005	4.998294e+000	5.000000e+000
1.183108832841830e-005	4.967834e+000	5.000000e+000
1.198454814984687e-005	4.950691e+000	5.000000e+000
1.208220439984687e-005	4.945725e+000	5.000000e+000
1.217986064984687e-005	4.945626e+000	5.000000e+000
1.227751689984687e-005	4.950300e+000	5.000000e+000
1.237517314984687e-005	4.959651e+000	5.000000e+000
1.247282939984687e-005	4.973580e+000	5.000000e+000
1.257048564984687e-005	4.991984e+000	5.000000e+000
1.276579814984687e-005	5.041800e+000	5.000000e+000
1.296111064984687e-005	5.108244e+000	5.000000e+000
1.315642314984687e-005	5.190430e+000	5.000000e+000
1.344939189984687e-005	5.341228e+000	5.000000e+000
1.374236064984686e-005	5.522236e+000	5.000000e+000
1.403532939984686e-005	5.730226e+000	5.000000e+000
1.432829814984686e-005	5.961928e+000	5.000000e+000
1.462126689984686e-005	6.214065e+000	5.000000e+000
1.500100241627096e-005	6.565599e+000	4.987919e+000
1.500177315348629e-005	6.566338e+000	1.134233e+000
1.500178507317174e-005	6.566350e+000	1.074634e+000
1.500180891254264e-005	6.566372e+000	9.554373e-001
1.500185659128444e-005	6.566418e+000	7.170436e-001
1.500190464251641e-005	6.566464e+000	4.767874e-001
1.500200000000000e-005	6.566556e+000	0.000000e+000
1.514987577362502e-005	6.697436e+000	0.000000e+000
1.529775154725004e-005	6.810993e+000	0.000000e+000
1.544562732087506e-005	6.907227e+000	0.000000e+000
1.559350309450008e-005	6.986138e+000	0.000000e+000
1.574137886812510e-005	7.047726e+000	0.000000e+000
1.588925464175012e-005	7.091991e+000	0.000000e+000
1.603713041537514e-005	7.118933e+000	0.000000e+000
1.613478666537514e-005	7.128244e+000	0.000000e+000
1.623244291537514e-005	7.130633e+000	0.000000e+000
1.633009916537514e-005	7.126230e+000	0.000000e+000
1.642775541537513e-005	7.115171e+000	0.000000e+000
1.652541166537513e-005	7.097597e+000	0.000000e+000
1.662306791537513e-005	7.073648e+000	0.000000e+000
1.681838041537513e-005	7.007217e+000	0.000000e+000
1.701369291537513e-005	6.917083e+000	0.000000e+000
1.720900541537513e-005	6.804490e+000	0.000000e+000
1.750197416537513e-005	6.596305e+000	0.000000e+000
1.779494291537513e-005	6.344931e+000	0.000000e+000
1.799025541537513e-005	6.155599e+000	0.000000e+000
1.808791166537512e-005	6.054919e+000	0.000000e+000
1.818556791537512e-005	5.950460e+000	0.000000e+000
1.828322416537512e-005	5.842826e+000	0.000000e+000
1.833104098948387e-005	5.788992e+000	0.000000e+000
1.833492064209329e-005	5.784575e+000	0.000000e+000
1.833880029470271e-005	5.780150e+000	0.000000e+000
1.834267994731212e-005	5.775717e+000	0.000000e+000
1.834655959992154e-005	5.771275e+000	0.000000e+000
1.835043925253096e-005	5.766826e+000	0.000000e+000
1.835431890514038e-005	5.762368e+000	0.000000e+000
1.835819855774979e-005	5.757902e+000	0.000000e+000
1.835819978238030e-005	5.757900e+000	0.000000e+000
1.835820036704300e-005	5.757900e+000	0.000000e+000
1.835820075335320e-005	5.757899e+000	0.000000e+000
1.835820118352955e-005	5.757899e+000	0.000000e+000
1.835820155219396e-005	5.757898e+000	0.000000e+000
1.835820195569247e-005	5.757898e+000	0.000000e+000
1.835820232950633e-005	5.757897e+000	0.000000e+000
1.835820273122969e-005	5.757897e+000	0.000000e+000
1.835820310911150e-005	5.757896e+000	0.000000e+000
1.835820350430026e-005	5.757896e+000	0.000000e+000
1.835820426901272e-005	5.757895e+000	0.000000e+000
1.835820537418460e-005	5.757894e+000	0.000000e+000
1.835820697405467e-005	5.757892e+000	0.000000e+000
1.835820857392473e-005	5.757890e+000	0.000000e+000
1.835821017379479e-005	5.757888e+000	0.000000e+000
1.835821177366486e-005	5.757886e+000	0.000000e+000
1.835821337353492e-005	5.757885e+000	0.000000e+000
1.835821497340499e-005	5.757883e+000	0.000000e+000
1.835821657327505e-005	5.757881e+000	0.000000e+000
1.859275706280719e-005	5.495598e+000	0.000000e+000
1.882729755233932e-005	5.243999e+000	0.000000e+000
1.906183804187146e-005	5.003082e+000	0.000000e+000
1.929637853140360e-005	4.772849e+000	0.000000e+000
1.953091902093573e-005	4.553299e+000	0.000000e+000
1.976545951046787e-005	4.344431e+000	0.000000e+000
2.000000000000000e-005	4.146247e+000	0.000000e+000
2.000002596492469e-005	4.146226e+000	1.298246e-001
2.000005192984938e-005	4.146205e+000	2.596492e-001
2.000007789477407e-005	4.146183e+000	3.894739e-001
2.000010385969876e-005	4.146162e+000	5.192985e-001
2.000012982462345e-005	4.146140e+000	6.491231e-001
2.000015578954814e-005	4.146118e+000	7.789477e-001
2.000018175447283e-005	4.146097e+000	9.087723e-001
2.000018217289241e-005	4.146096e+000	9.108645e-001
2.000018259131199e-005	4.146096e+000	9.129566e-001
2.000018300973156e-005	4.146096e+000	9.150487e-001
2.000018342815114e-005	4.146096e+000	9.171408e-001
2.000018384657072e-005	4.146095e+000	9.192329e-001
2.000018426499029e-005	4.146095e+000	9.213249e-001
2.000018468340987e-005	4.146094e+000	9.234170e-001
2.000018562071201e-005	4.146094e+000	9.281036e-001
2.000018647603362e-005	4.146093e+000	9.323801e-001
2.000018732281148e-005	4.146092e+000	9.366140e-001
2.000018811502152e-005	4.146091e+000	9.405751e-001
2.000018890667092e-005	4.146091e+000	9.445333e-001
2.000018969151869e-005	4.146091e+000	9.484576e-001
2.000019053368410e-005	4.146090e+000	9.526684e-001
2.000019149983654e-005	4.146089e+000	9.574992e-001
2.000019287747234e-005	4.146088e+000	9.643874e-001
2.000019443958817e-005	4.146086e+000	9.721979e-001
2.000019635084752e-005	4.146085e+000	9.817542e-001
2.000019848556034e-005	4.146083e+000	9.924278e-001
2.000100000000000e-005	4.145419e+000	5.000000e+000
2.005096735764169e-005	4.105453e+000	5.000000e+000
2.010093471528338e-005	4.067253e+000	5.000000e+000
2.015090207292506e-005	4.030818e+000	5.000000e+000
2.020086943056675e-005	3.996149e+000	5.000000e+000
2.025083678820844e-005	3.963245e+000	5.000000e+000
2.030080414585012e-005	3.932107e+000	5.000000e+000
2.035077150349181e-005	3.902734e+000	5.000000e+000
2.064374025349181e-005	3.766209e+000	5.000000e+000
2.083905275349181e-005	3.708516e+000	5.000000e+000
2.093670900349181e-005	3.689373e+000	5.000000e+000
2.103436525349181e-005	3.676558e+000	5.000000e+000
2.113202150349181e-005	3.669961e+000	5.000000e+000
2.122967775349181e-005	3.669468e+000	5.000000e+000
2.132733400349181e-005	3.674961e+000	5.000000e+000
2.142499025349181e-005	3.686319e+000	5.000000e+000
2.152264650349181e-005	3.703418e+000	5.000000e+000
2.162030275349181e-005	3.726131e+000	5.000000e+000
2.181561525349180e-005	3.787876e+000	5.000000e+000
2.201092775349180e-005	3.870481e+000	5.000000e+000
2.220624025349180e-005	3.972838e+000	5.000000e+000
2.249920900349180e-005	4.160909e+000	5.000000e+000
2.279217775349180e-005	4.386901e+000	5.000000e+000
2.308514650349180e-005	4.646774e+000	5.000000e+000
2.337811525349179e-005	4.936432e+000	5.000000e+000
2.367108400349179e-005	5.251768e+000	5.000000e+000
2.396405275349179e-005	5.588692e+000	5.000000e+000
2.411218807442153e-005	5.767363e+000	5.000000e+000
2.426032339535128e-005	5.948708e+000	5.000000e+000
2.440845871628102e-005	6.132728e+000	5.000000e+000
2.455659403721077e-005	6.319421e+000	5.000000e+000
2.470472935814051e-005	6.508788e+000	5.000000e+000
2.485286467907026e-005	6.700830e+000	5.000000e+000
2.500100000000000e-005	6.895545e+000	5.000000e+000
2.500175000000279e-005	6.896530e+000	1.250000e+000
2.500177500000251e-005	6.896563e+000	1.125000e+000
2.500182500000195e-005	6.896628e+000	8.750000e-001
2.500182656250193e-005	6.896630e+000	8.671875e-001
2.500200000000000e-005	6.896858e+000	0.000000e+000
2.517273876654912e-005	7.104793e+000	0.000000e+000
2.534347753309824e-005	7.286674e+000	0.000000e+000
2.551421629964736e-005	7.442501e+000	0.000000e+000
2.568495506619647e-005	7.572274e+000	0.000000e+000
2.585569383274559e-005	7.675992e+000	0.000000e+000
2.602643259929471e-005	7.753657e+000	0.000000e+000
2.619717136584382e-005	7.805267e+000	0.000000e+000
2.629482761584382e-005	7.824471e+000	0.000000e+000
2.639248386584382e-005	7.835903e+000	0.000000e+000
2.649014011584382e-005	7.839702e+000	0.000000e+000
2.658779636584382e-005	7.836013e+000	0.000000e+000
2.668545261584382e-005	7.824984e+000	0.000000e+000
2.678310886584382e-005	7.806768e+000	0.000000e+000
2.688076511584382e-005	7.781521e+000	0.000000e+000
2.707607761584382e-005	7.710576e+000	0.000000e+000
2.727139011584382e-005	7.613469e+000	0.000000e+000
2.746670261584382e-005	7.491567e+000	0.000000e+000
2.775967136584382e-005	7.265306e+000	0.000000e+000
2.805264011584381e-005	6.991312e+000	0.000000e+000
2.824795261584381e-005	6.784595e+000	0.000000e+000
2.834560886584381e-005	6.674582e+000	0.000000e+000
2.844326511584381e-005	6.560385e+000	0.000000e+000
2.854092136584381e-005	6.442247e+000	0.000000e+000
2.863857761584381e-005	6.321316e+000	0.000000e+000
2.863866321142870e-005	6.321209e+000	0.000000e+000
2.863883440259849e-005	6.320992e+000	0.000000e+000
2.863884583967694e-005	6.320978e+000	0.000000e+000
2.863884922302637e-005	6.320974e+000	0.000000e+000
2.863884958994148e-005	6.320973e+000	0.000000e+000
2.863884982045551e-005	6.320973e+000	0.000000e+000
2.863885019467778e-005	6.320972e+000	0.000000e+000
2.863885057595840e-005	6.320972e+000	0.000000e+000
2.863885132165714e-005	6.320971e+000	0.000000e+000
2.863885204992838e-005	6.320970e+000	0.000000e+000
2.863885277819963e-005	6.320969e+000	0.000000e+000
2.863885350647088e-005	6.320968e+000	0.000000e+000
2.863885423474213e-005	6.320967e+000	0.000000e+000
2.863885496301337e-005	6.320966e+000	0.000000e+000
2.863885569128462e-005	6.320966e+000	0.000000e+000
2.863885641955587e-005	6.320965e+000	0.000000e+000
2.883330550247646e-005	6.081000e+000	0.000000e+000
2.902775458539705e-005	5.849289e+000	0.000000e+000
2.922220366831764e-005	5.625829e+000	0.000000e+000
2.941665275123823e-005	5.410622e+000	0.000000e+000
2.961110183415882e-005	5.203668e+000	0.000000e+000
2.980555091707941e-005	5.004967e+000	0.000000e+000
3.000000000000000e-005	4.814517e+000	0.000000e+000
3.000018138413901e-005	4.814343e+000	9.069207e-001
3.000018346000892e-005	4.814341e+000	9.173000e-001
3.000018427356067e-005	4.814340e+000	9.213678e-001
3.000018513051250e-005	4.814339e+000	9.256526e-001
3.000018596366304e-005	4.814338e+000	9.298183e-001
3.000018679168499e-005	4.814338e+000	9.339584e-001
3.000018758730898e-005	4.814337e+000	9.379365e-001
3.000018837223464e-005	4.814336e+000	9.418612e-001
3.000018914612820e-005	4.814335e+000	9.457306e-001
3.000018994383348e-005	4.814334e+000	9.497192e-001
3.000019080592692e-005	4.814334e+000	9.540296e-001
3.000019185276115e-005	4.814333e+000	9.592638e-001
3.000019353862243e-005	4.814331e+000	9.676931e-001
3.000019539867002e-005	4.814329e+000	9.769933e-001
3.000019734340875e-005	4.814327e+000	9.867170e-001
3.000020452100665e-005	4.814321e+000	1.022605e+000
3.000100000000000e-005	4.813555e+000	5.000000e+000
3.003202077991134e-005	4.784259e+000	5.000000e+000
3.006304155982267e-005	4.755651e+000	5.000000e+000
3.009406233973401e-005	4.727732e+000	5.000000e+000
3.012508311964535e-005	4.700502e+000	5.000000e+000
3.015610389955669e-005	4.673959e+000	5.000000e+000
3.018712467946802e-005	4.648106e+000	5.000000e+000
3.021814545937936e-005	4.622941e+000	5.000000e+000
3.041345795937936e-005	4.478146e+000	5.000000e+000
3.070642670937936e-005	4.309895e+000	5.000000e+000
3.090173920937936e-005	4.229511e+000	5.000000e+000
3.109705170937937e-005	4.173783e+000	5.000000e+000
3.119470795937937e-005	4.154937e+000	5.000000e+000
3.129236420937938e-005	4.141974e+000	5.000000e+000
3.139002045937938e-005	4.134792e+000	5.000000e+000
3.148767670937938e-005	4.133286e+000	5.000000e+000
3.158533295937938e-005	4.137349e+000	5.000000e+000
3.168298920937939e-005	4.146867e+000	5.000000e+000
3.178064545937939e-005	4.161726e+000	5.000000e+000
3.187830170937939e-005	4.181810e+000	5.000000e+000
3.207361420937940e-005	4.237169e+000	5.000000e+000
3.226892670937940e-005	4.311953e+000	5.000000e+000
3.246423920937941e-005	4.405137e+000	5.000000e+000
3.275720795937942e-005	4.577102e+000	5.000000e+000
3.305017670937943e-005	4.784439e+000	5.000000e+000
3.334314545937943e-005	5.023406e+000	5.000000e+000
3.363611420937944e-005	5.290211e+000	5.000000e+000
3.392908295937945e-005	5.581047e+000	5.000000e+000
3.422205170937946e-005	5.892123e+000	5.000000e+000
3.433333003661097e-005	6.015386e+000	5.000000e+000
3.444460836384248e-005	6.140292e+000	5.000000e+000
3.455588669107398e-005	6.266839e+000	5.000000e+000
3.466716501830548e-005	6.395028e+000	5.000000e+000
3.477844334553699e-005	6.524859e+000	5.000000e+000
3.488972167276850e-005	6.656332e+000	5.000000e+000
3.500100000000001e-005	6.789446e+000	5.000000e+000
3.500175448744382e-005	6.790350e+000	1.227563e+000
3.500177903869944e-005	6.790380e+000	1.104807e+000
3.500182814121068e-005	6.790438e+000	8.592939e-001
3.500182967566416e-005	6.790440e+000	8.516217e-001
3.500200000000000e-005	6.790644e+000	1.444800e-011
3.515847772069951e-005	6.965068e+000	7.609806e-012
3.531495544139903e-005	7.118360e+000	2.363012e-012
3.547143316209854e-005	7.250518e+000	-1.292385e-012
3.562791088279805e-005	7.361544e+000	-3.356385e-012
3.578438860349756e-005	7.451436e+000	-3.828987e-012
3.594086632419708e-005	7.520196e+000	-2.710192e-012
3.609734404489659e-005	7.567823e+000	0.000000e+000
3.619500029489659e-005	7.587955e+000	0.000000e+000
3.629265654489659e-005	7.600518e+000	0.000000e+000
3.639031279489660e-005	7.605650e+000	0.000000e+000
3.648796904489660e-005	7.603489e+000	0.000000e+000
3.658562529489660e-005	7.594179e+000	0.000000e+000
3.668328154489660e-005	7.577865e+000	0.000000e+000
3.678093779489661e-005	7.554700e+000	0.000000e+000
3.697625029489661e-005	7.488436e+000	0.000000e+000
3.717156279489662e-005	7.396661e+000	0.000000e+000
3.736687529489662e-005	7.280697e+000	0.000000e+000
3.756218779489663e-005	7.141905e+000	0.000000e+000
3.785515654489664e-005	6.893973e+000	0.000000e+000
3.805046904489664e-005	6.704268e+000	0.000000e+000
3.824578154489665e-005	6.496719e+000	0.000000e+000
3.834343779489665e-005	6.386709e+000	0.000000e+000
3.844109404489665e-005	6.272786e+000	0.000000e+000
3.853875029489666e-005	6.155929e+000	0.000000e+000
3.854857289769211e-005	6.143979e+000	0.000000e+000
3.855090195819834e-005	6.141121e+000	0.000000e+000
3.855091914970097e-005	6.141100e+000	0.000000e+000
3.855093559748491e-005	6.141080e+000	0.000000e+000
3.855093707568561e-005	6.141078e+000	0.000000e+000
3.855093737941636e-005	6.141078e+000	0.000000e+000
3.855093783942538e-005	6.141078e+000	0.000000e+000
3.855093865864800e-005	6.141077e+000	0.000000e+000
3.855093937590340e-005	6.141076e+000	0.000000e+000
3.855094009315880e-005	6.141075e+000	0.000000e+000
3.855094081041420e-005	6.141074e+000	0.000000e+000
3.855094152766960e-005	6.141073e+000	0.000000e+000
3.855094224492500e-005	6.141072e+000	0.000000e+000
3.855094296218039e-005	6.141071e+000	0.000000e+000
3.855094367943579e-005	6.141070e+000	0.000000e+000
3.879521945121500e-005	5.848811e+000	0.000000e+000
3.896733095818428e-005	5.651521e+000	0.000000e+000
3.913944246515357e-005	5.460335e+000	0.000000e+000
3.931155397212286e-005	5.275254e+000	0.000000e+000
3.948366547909214e-005	5.096277e+000	0.000000e+000
3.965577698606143e-005	4.923404e+000	0.000000e+000
3.982788849303072e-005	4.756635e+000	0.000000e+000
4.000000000000000e-005	4.595971e+000	0.000000e+000
4.000018147447948e-005	4.595804e+000	9.073724e-001
4.000018370285639e-005	4.595802e+000	9.185143e-001
4.000018458699674e-005	4.595801e+000	9.229350e-001
4.000018545459346e-005	4.595800e+000	9.272730e-001
4.000018630937735e-005	4.595799e+000	9.315469e-001
4.000018712941913e-005	4.595798e+000	9.356471e-001
4.000018792855255e-005	4.595798e+000	9.396428e-001
4.000018870756102e-005	4.595797e+000	9.435378e-001
4.000018949136020e-005	4.595797e+000	9.474568e-001
4.000019030861410e-005	4.595796e+000	9.515431e-001
4.000019123191078e-005	4.595795e+000	9.561595e-001
4.000019244510329e-005	4.595794e+000	9.622255e-001
4.000019402431707e-005	4.595792e+000	9.701216e-001
4.000019592002729e-005	4.595790e+000	9.796001e-001
4.000019792437650e-005	4.595788e+000	9.896219e-001
4.000021756917523e-005	4.595771e+000	1.087846e+000
4.000100000000001e-005	4.595052e+000	5.000000e+000
4.003783360339712e-005	4.562021e+000	5.000000e+000
4.007466720679423e-005	4.529941e+000	5.000000e+000
4.011150081019133e-005	4.498812e+000	5.000000e+000
4.014833441358845e-005	4.468633e+000	5.000000e+000
4.018516801698556e-005	4.439405e+000	5.000000e+000
4.022200162038267e-005	4.411128e+000	5.000000e+000
4.025883522377978e-005	4.383801e+000	5.000000e+000
4.045414772377979e-005	4.253862e+000	5.000000e+000
4.074711647377979e-005	4.108379e+000	5.000000e+000
4.094242897377980e-005	4.043400e+000	5.000000e+000
4.113774147377981e-005	4.003183e+000	5.000000e+000
4.123539772377981e-005	3.992112e+000	5.000000e+000
4.133305397377981e-005	3.986928e+000	5.000000e+000
4.143071022377981e-005	3.987520e+000	5.000000e+000
4.152836647377982e-005	3.993778e+000	5.000000e+000
4.162602272377982e-005	4.005585e+000	5.000000e+000
4.172367897377982e-005	4.022823e+000	5.000000e+000
4.191899147377983e-005	4.073102e+000	5.000000e+000
4.211430397377983e-005	4.143615e+000	5.000000e+000
4.230961647377984e-005	4.233323e+000	5.000000e+000
4.250492897377984e-005	4.341152e+000	5.000000e+000
4.279789772377985e-005	4.534471e+000	5.000000e+000
4.309086647377986e-005	4.762300e+000	5.000000e+000
4.338383522377987e-005	5.020776e+000	5.000000e+000
4.367680397377988e-005	5.306002e+000	5.000000e+000
4.396977272377989e-005	5.614079e+000	5.000000e+000
4.426274147377989e-005	5.941138e+000	5.000000e+000
4.436820716745733e-005	6.063304e+000	5.002522e+000
4.447367286113477e-005	6.186795e+000	5.003886e+000
4.457913855481220e-005	6.311613e+000	5.004094e+000
4.468460424848964e-005	6.437758e+000	5.003144e+000
4.479006994216707e-005	6.565228e+000	5.001037e+000
4.489553563584451e-005	6.694025e+000	4.997773e+000
4.500100132952195e-005	6.824149e+000	4.993352e+000
4.500175059117432e-005	6.825075e+000	1.247044e+000
4.500179049658643e-005	6.825124e+000	1.047517e+000
4.500180047293946e-005	6.825136e+000	9.976353e-001
4.500180296702772e-005	6.825140e+000	9.851649e-001
4.500180359054979e-005	6.825140e+000	9.820473e-001
4.500180483759392e-005	6.825141e+000	9.758120e-001
4.500180733168217e-005	6.825145e+000	9.633416e-001
4.500181231985868e-005	6.825151e+000	9.384007e-001
4.500182229621171e-005	6.825163e+000	8.885189e-001
4.500184224891776e-005	6.825188e+000	7.887554e-001
4.500200000000000e-005	6.825383e+000	1.444800e-011
4.516946961397845e-005	7.017158e+000	7.668399e-012
4.533693922795691e-005	7.184501e+000	2.460667e-012
4.550440884193535e-005	7.327411e+000	-1.175199e-012
4.567187845591380e-005	7.445888e+000	-3.239199e-012
4.583934806989225e-005	7.539933e+000	-3.731332e-012
4.600681768387071e-005	7.609546e+000	-2.651599e-012
4.617428729784916e-005	7.654726e+000	0.000000e+000
4.627194354784916e-005	7.671135e+000	0.000000e+000
4.636959979784916e-005	7.679971e+000	0.000000e+000
4.646725604784916e-005	7.681372e+000	0.000000e+000
4.656491229784917e-005	7.675481e+000	0.000000e+000
4.666256854784917e-005	7.662444e+000	0.000000e+000
4.676022479784917e-005	7.642412e+000	0.000000e+000
4.685788104784918e-005	7.615540e+000	0.000000e+000
4.705319354784918e-005	7.541907e+000	0.000000e+000
4.724850604784919e-005	7.442846e+000	0.000000e+000
4.744381854784919e-005	7.319703e+000	0.000000e+000
4.773678729784920e-005	7.092869e+000	0.000000e+000
4.802975604784921e-005	6.819769e+000	0.000000e+000
4.822506854784921e-005	6.614422e+000	0.000000e+000
4.832272479784922e-005	6.505315e+000	0.000000e+000
4.842038104784922e-005	6.392165e+000	0.000000e+000
4.851803729784922e-005	6.275761e+000	0.000000e+000
4.856368644454096e-005	6.220075e+000	0.000000e+000
4.857774910589448e-005	6.202675e+000	0.000000e+000
4.857775012741440e-005	6.202673e+000	0.000000e+000
4.857775075502266e-005	6.202672e+000	0.000000e+000
4.857775113068984e-005	6.202672e+000	0.000000e+000
4.857775154126048e-005	6.202672e+000	0.000000e+000
4.857775191592826e-005	6.202671e+000	0.000000e+000
4.857775231695715e-005	6.202671e+000	0.000000e+000
4.857775269511974e-005	6.202670e+000	0.000000e+000
4.857775309192697e-005	6.202670e+000	0.000000e+000
4.857775347118481e-005	6.202669e+000	0.000000e+000
4.857775386199921e-005	6.202669e+000	0.000000e+000
4.857775462056184e-005	6.202668e+000	0.000000e+000
4.857775569921990e-005	6.202667e+000	0.000000e+000
4.857775745269299e-005	6.202665e+000	0.000000e+000
4.857775920616610e-005	6.202662e+000	0.000000e+000
4.857776095963920e-005	6.202660e+000	0.000000e+000
4.857776271311231e-005	6.202658e+000	0.000000e+000
4.857776446658541e-005	6.202656e+000	0.000000e+000
4.857776622005851e-005	6.202654e+000	0.000000e+000
4.857776797353161e-005	6.202652e+000	0.000000e+000
4.878094397748670e-005	5.956901e+000	-1.537587e-006
4.898411998144181e-005	5.719943e+000	-2.272814e-006
4.918729598539690e-005	5.491776e+000	-2.205682e-006
4.939047198935200e-005	5.272402e+000	-1.336191e-006
4.959364799330710e-005	5.061819e+000	3.356601e-007
4.979682399726220e-005	4.860028e+000	2.809870e-006
5.000000000121729e-005	4.667029e+000	6.086440e-006
5.000018155272171e-005	4.666860e+000	9.077636e-001
5.000018368196432e-005	4.666858e+000	9.184098e-001
5.000018452986203e-005	4.666857e+000	9.226493e-001
5.000018541003773e-005	4.666856e+000	9.270502e-001
5.000018624778022e-005	4.666855e+000	9.312389e-001
5.000018707702222e-005	4.666855e+000	9.353851e-001
5.000018786839834e-005	4.666854e+000	9.393420e-001
5.000018865275379e-005	4.666853e+000	9.432638e-001
5.000018943054128e-005	4.666852e+000	9.471527e-001
5.000019024668889e-005	4.666852e+000	9.512334e-001
5.000019115497669e-005	4.666851e+000	9.557749e-001
5.000019233557493e-005	4.666850e+000	9.616778e-001
5.000019393352771e-005	4.666848e+000	9.696676e-001
5.000019583826666e-005	4.666847e+000	9.791914e-001
5.000019781924342e-005	4.666845e+000	9.890962e-001
5.000020613750724e-005	4.666837e+000	1.030688e+000
5.000100166816810e-005	4.666095e+000	5.000000e+000
5.003056995077104e-005	4.639025e+000	5.000000e+000
5.006013823337397e-005	4.612595e+000	5.000000e+000
5.008970651597691e-005	4.586806e+000	5.000000e+000
5.011927479857985e-005	4.561657e+000	5.000000e+000
5.014884308118278e-005	4.537148e+000	5.000000e+000
5.017841136378571e-005	4.513280e+000	5.000000e+000
5.020797964638865e-005	4.490052e+000	5.000000e+000
5.040329214638866e-005	4.350122e+000	5.000000e+000
5.069626089638866e-005	4.189707e+000	5.000000e+000
5.089157339638867e-005	4.114861e+000	5.000000e+000
5.108688589638868e-005	4.064888e+000	5.000000e+000
5.118454214638868e-005	4.048991e+000	5.000000e+000
5.128219839638868e-005	4.039021e+000	5.000000e+000
5.137985464638868e-005	4.034870e+000	5.000000e+000
5.147751089638869e-005	4.036432e+000	5.000000e+000
5.157516714638869e-005	4.043593e+000	5.000000e+000
5.167282339638869e-005	4.056240e+000	5.000000e+000
5.177047964638870e-005	4.074253e+000	5.000000e+000
5.196579214638870e-005	4.125893e+000	5.000000e+000
5.216110464638871e-005	4.197516e+000	5.000000e+000
5.235641714638871e-005	4.288091e+000	5.000000e+000
5.255172964638872e-005	4.396549e+000	5.000000e+000
5.284469839638873e-005	4.590379e+000	5.000000e+000
5.313766714638873e-005	4.818224e+000	5.000000e+000
5.343063589638874e-005	5.076251e+000	5.000000e+000
5.372360464638875e-005	5.360590e+000	5.000000e+000
5.401657339638876e-005	5.667376e+000	5.000000e+000
5.430954214638877e-005	5.992774e+000	5.000000e+000
5.440832183976180e-005	6.106426e+000	5.000000e+000
5.450710153313484e-005	6.221246e+000	5.000000e+000
5.460588122650787e-005	6.337234e+000	5.000000e+000
5.470466091988090e-005	6.454389e+000	5.000000e+000
5.480344061325394e-005	6.572712e+000	5.000000e+000
5.490222030662697e-005	6.692203e+000	5.000000e+000
5.500100000000000e-005	6.812861e+000	5.000000e+000
5.500175000000000e-005	6.813779e+000	1.250000e+000
5.500177500000000e-005	6.813810e+000	1.125000e+000
5.500182500000000e-005	6.813871e+000	8.750000e-001
5.500182656250000e-005	6.813873e+000	8.671875e-001
5.500200000000000e-005	6.814085e+000	1.444800e-011
5.515878787388626e-005	6.992663e+000	7.609780e-012
5.531557574777251e-005	7.149837e+000	2.362968e-012
5.547236362165877e-005	7.285608e+000	-1.292437e-012
5.562915149554502e-005	7.399975e+000	-3.356437e-012
5.578593936943128e-005	7.492939e+000	-3.829031e-012
5.594272724331754e-005	7.564498e+000	-2.710218e-012
5.609951511720380e-005	7.614655e+000	0.000000e+000
5.619717136720380e-005	7.636194e+000	0.000000e+000
5.629482761720380e-005	7.650093e+000	0.000000e+000
5.639248386720380e-005	7.656487e+000	0.000000e+000
5.649014011720381e-005	7.655517e+000	0.000000e+000
5.658779636720381e-005	7.647324e+000	0.000000e+000
5.668545261720381e-005	7.632057e+000	0.000000e+000
5.678310886720381e-005	7.609866e+000	0.000000e+000
5.697842136720382e-005	7.545339e+000	0.000000e+000
5.717373386720383e-005	7.455022e+000	0.000000e+000
5.736904636720383e-005	7.340241e+000	0.000000e+000
5.756435886720384e-005	7.202365e+000	0.000000e+000
5.785732761720385e-005	6.955317e+000	0.000000e+000
5.805264011720385e-005	6.765890e+000	0.000000e+000
5.824795261720386e-005	6.558376e+000	0.000000e+000
5.834560886720386e-005	6.448297e+000	0.000000e+000
5.844326511720386e-005	6.334247e+000	0.000000e+000
5.854092136720387e-005	6.217155e+000	0.000000e+000
5.855765639409051e-005	6.196732e+000	0.000000e+000
5.856902940191264e-005	6.182703e+000	0.000000e+000
5.856903031211569e-005	6.182702e+000	0.000000e+000
5.856903077732726e-005	6.182702e+000	0.000000e+000
5.856903114522728e-005	6.182701e+000	0.000000e+000
5.856903163055904e-005	6.182701e+000	0.000000e+000
5.856903188588933e-005	6.182700e+000	0.000000e+000
5.856903221088023e-005	6.182700e+000	0.000000e+000
5.856903260719243e-005	6.182699e+000	0.000000e+000
5.856903301449329e-005	6.182699e+000	0.000000e+000
5.856903340448353e-005	6.182698e+000	0.000000e+000
5.856903378617427e-005	6.182698e+000	0.000000e+000
5.856903454207457e-005	6.182697e+000	0.000000e+000
5.856903513020426e-005	6.182696e+000	0.000000e+000
5.856903571833393e-005	6.182696e+000	0.000000e+000
5.856903630646362e-005	6.182695e+000	0.000000e+000
5.856903689459329e-005	6.182694e+000	0.000000e+000
5.856903748272298e-005	6.182693e+000	0.000000e+000
5.856903807085265e-005	6.182692e+000	0.000000e+000
5.856903865898233e-005	6.182692e+000	0.000000e+000
5.877346170769915e-005	5.936268e+000	0.000000e+000
5.897788475641595e-005	5.698709e+000	0.000000e+000
5.918230780513277e-005	5.470016e+000	0.000000e+000
5.938673085384957e-005	5.250188e+000	0.000000e+000
5.959115390256638e-005	5.039225e+000	0.000000e+000
5.979557695128320e-005	4.837128e+000	0.000000e+000
6.000000000000000e-005	4.643897e+000	0.000000e+000
6.000002596465850e-005	4.643872e+000	1.298233e-001
6.000005192931700e-005	4.643848e+000	2.596466e-001
6.000007789397549e-005	4.643824e+000	3.894699e-001
6.000010385863399e-005	4.643800e+000	5.192932e-001
6.000012982329249e-005	4.643776e+000	6.491165e-001
6.000015578795098e-005	4.643752e+000	7.789398e-001
6.000018175260948e-005	4.643728e+000	9.087631e-001
6.000018327101660e-005	4.643726e+000	9.163551e-001
6.000018411633311e-005	4.643725e+000	9.205816e-001
6.000018500246379e-005	4.643725e+000	9.250123e-001
6.000018585350390e-005	4.643724e+000	9.292675e-001
6.000018669605318e-005	4.643723e+000	9.334803e-001
6.000018749972796e-005	4.643723e+000	9.374986e-001
6.000018829038546e-005	4.643722e+000	9.414519e-001
6.000018906554844e-005	4.643721e+000	9.453278e-001
6.000018986096923e-005	4.643720e+000	9.493048e-001
6.000019071295919e-005	4.643719e+000	9.535648e-001
6.000019173226982e-005	4.643718e+000	9.586614e-001
6.000019328974797e-005	4.643717e+000	9.664487e-001
6.000019499658063e-005	4.643715e+000	9.749829e-001
6.000019692251379e-005	4.643713e+000	9.846126e-001
6.000019932166588e-005	4.643712e+000	9.966083e-001
6.000100000000001e-005	4.642968e+000	5.000000e+000
6.003135217895237e-005	4.615335e+000	5.000000e+000
6.006170435790473e-005	4.588374e+000	5.000000e+000
6.009205653685709e-005	4.562085e+000	5.000000e+000
6.012240871580946e-005	4.536467e+000	5.000000e+000
6.015276089476182e-005	4.511521e+000	5.000000e+000
6.018311307371418e-005	4.487247e+000	5.000000e+000
6.021346525266654e-005	4.463644e+000	5.000000e+000
6.040877775266655e-005	4.325445e+000	5.000000e+000
6.070174650266655e-005	4.167673e+000	5.000000e+000
6.089705900266656e-005	4.094610e+000	5.000000e+000
6.109237150266657e-005	4.046427e+000	5.000000e+000
6.119002775266657e-005	4.031425e+000	5.000000e+000
6.128768400266657e-005	4.022349e+000	5.000000e+000
6.138534025266657e-005	4.019092e+000	5.000000e+000
6.148299650266658e-005	4.021544e+000	5.000000e+000
6.158065275266658e-005	4.029594e+000	5.000000e+000
6.167830900266658e-005	4.043124e+000	5.000000e+000
6.177596525266658e-005	4.062016e+000	5.000000e+000
6.197127775266659e-005	4.115396e+000	5.000000e+000
6.216659025266660e-005	4.188734e+000	5.000000e+000
6.236190275266660e-005	4.280988e+000	5.000000e+000
6.265487150266661e-005	4.452491e+000	5.000000e+000
6.294784025266662e-005	4.660429e+000	5.000000e+000
6.324080900266663e-005	4.900997e+000	5.000000e+000
6.353377775266664e-005	5.170332e+000	5.000000e+000
6.382674650266664e-005	5.464551e+000	5.000000e+000
6.411971525266665e-005	5.779789e+000	5.000000e+000
6.424561307371428e-005	5.921586e+000	5.000000e+000
6.437151089476189e-005	6.065485e+000	5.000000e+000
6.449740871580952e-005	6.211488e+000	5.000000e+000
6.462330653685714e-005	6.359594e+000	5.000000e+000
6.474920435790477e-005	6.509804e+000	5.000000e+000
6.487510217895238e-005	6.662117e+000	5.000000e+000
6.500100000000001e-005	6.816534e+000	5.000000e+000
6.500175000000001e-005	6.817455e+000	1.250000e+000
6.500177500000000e-005	6.817485e+000	1.125000e+000
6.500182500000001e-005	6.817547e+000	8.750000e-001
6.500182656250000e-005	6.817549e+000	8.671875e-001
6.500200000000001e-005	6.817761e+000	0.000000e+000
6.515878787388627e-005	6.996941e+000	0.000000e+000
6.531557574777253e-005	7.154687e+000	0.000000e+000
6.547236362165878e-005	7.290999e+000	0.000000e+000
6.562915149554504e-005	7.405879e+000	0.000000e+000
6.578593936943129e-005	7.499325e+000	0.000000e+000
6.594272724331756e-005	7.571337e+000	0.000000e+000
6.609951511720381e-005	7.621917e+000	0.000000e+000
6.619717136720381e-005	7.643703e+000	0.000000e+000
6.629482761720381e-005	7.657839e+000	0.000000e+000
6.639248386720382e-005	7.664457e+000	0.000000e+000
6.649014011720382e-005	7.663698e+000	0.000000e+000
6.658779636720382e-005	7.655705e+000	0.000000e+000
6.668545261720382e-005	7.640626e+000	0.000000e+000
6.678310886720383e-005	7.618612e+000	0.000000e+000
6.697842136720383e-005	7.554403e+000	0.000000e+000
6.717373386720384e-005	7.464358e+000	0.000000e+000
6.736904636720384e-005	7.349804e+000	0.000000e+000
6.756435886720385e-005	7.212110e+000	0.000000e+000
6.785732761720386e-005	6.965255e+000	0.000000e+000
6.805264011720386e-005	6.775903e+000	0.000000e+000
6.824795261720387e-005	6.568425e+000	0.000000e+000
6.834560886720387e-005	6.458348e+000	0.000000e+000
6.844326511720387e-005	6.344292e+000	0.000000e+000
6.854092136720388e-005	6.227174e+000	0.000000e+000
6.856633566842676e-005	6.196056e+000	0.000000e+000
6.857187898170989e-005	6.189202e+000	0.000000e+000
6.857188008102132e-005	6.189201e+000	0.000000e+000
6.857188062317940e-005	6.189200e+000	0.000000e+000
6.857188100179184e-005	6.189200e+000	0.000000e+000
6.857188157097345e-005	6.189199e+000	0.000000e+000
6.857188191500937e-005	6.189199e+000	0.000000e+000
6.857188225463802e-005	6.189198e+000	0.000000e+000
6.857188263192152e-005	6.189198e+000	0.000000e+000
6.857188303135838e-005	6.189198e+000	0.000000e+000
6.857188342070385e-005	6.189197e+000	0.000000e+000
6.857188380554512e-005	6.189197e+000	0.000000e+000
6.857188455979305e-005	6.189196e+000	0.000000e+000
6.857188526922756e-005	6.189195e+000	0.000000e+000
6.857188597866206e-005	6.189194e+000	0.000000e+000
6.857188668809657e-005	6.189193e+000	0.000000e+000
6.857188739753107e-005	6.189192e+000	0.000000e+000
6.857188810696558e-005	6.189191e+000	0.000000e+000
6.857188881640008e-005	6.189190e+000	0.000000e+000
6.857188952583459e-005	6.189189e+000	0.000000e+000
6.877590530785823e-005	5.942966e+000	0.000000e+000
6.897992108988185e-005	5.705590e+000	0.000000e+000
6.918393687190549e-005	5.477062e+000	0.000000e+000
6.938795265392911e-005	5.257382e+000	0.000000e+000
6.959196843595275e-005	5.046549e+000	0.000000e+000
6.979598421797637e-005	4.844565e+000	0.000000e+000
7.000000000000001e-005	4.651428e+000	0.000000e+000
7.000002596566261e-005	4.651404e+000	1.298283e-001
7.000005193132521e-005	4.651380e+000	2.596566e-001
7.000007789698782e-005	4.651355e+000	3.894849e-001
7.000010386265041e-005	4.651331e+000	5.193132e-001
7.000012982831301e-005	4.651307e+000	6.491416e-001
7.000015579397562e-005	4.651283e+000	7.789699e-001
7.000018175963822e-005	4.651259e+000	9.087982e-001
7.000018327302098e-005	4.651258e+000	9.163651e-001
7.000018411412990e-005	4.651257e+000	9.205707e-001
7.000018500037233e-005	4.651256e+000	9.250019e-001
7.000018584963625e-005	4.651255e+000	9.292482e-001
7.000018669262739e-005	4.651254e+000	9.334632e-001
7.000018749557210e-005	4.651254e+000	9.374779e-001
7.000018828659266e-005	4.651253e+000	9.414330e-001
7.000018906133958e-005	4.651252e+000	9.453067e-001
7.000018985680420e-005	4.651251e+000	9.492840e-001
7.000019070804706e-005	4.651250e+000	9.535402e-001
7.000019172618177e-005	4.651249e+000	9.586309e-001
7.000019327749487e-005	4.651248e+000	9.663875e-001
7.000019497670211e-005	4.651247e+000	9.748835e-001
7.000019690249346e-005	4.651245e+000	9.845124e-001
7.000019929088853e-005	4.651243e+000	9.964544e-001
7.000100000000001e-005	4.650498e+000	5.000000e+000
7.003150580526408e-005	4.622682e+000	5.000000e+000
7.006201161052817e-005	4.595543e+000	5.000000e+000
7.009251741579224e-005	4.569082e+000	5.000000e+000
7.012302322105631e-005	4.543297e+000	5.000000e+000
7.015352902632038e-005	4.518190e+000	5.000000e+000
7.018403483158447e-005	4.493760e+000	5.000000e+000
7.021454063684854e-005	4.470006e+000	5.000000e+000
7.040985313684854e-005	4.331636e+000	5.000000e+000
7.070282188684855e-005	4.173576e+000	5.000000e+000
7.089813438684856e-005	4.100302e+000	5.000000e+000
7.109344688684856e-005	4.051895e+000	5.000000e+000
7.119110313684857e-005	4.036777e+000	5.000000e+000
7.128875938684857e-005	4.027582e+000	5.000000e+000
7.138641563684857e-005	4.024203e+000	5.000000e+000
7.148407188684857e-005	4.026531e+000	5.000000e+000
7.158172813684858e-005	4.034453e+000	5.000000e+000
7.167938438684858e-005	4.047854e+000	5.000000e+000
7.177704063684858e-005	4.066616e+000	5.000000e+000
7.197235313684859e-005	4.119730e+000	5.000000e+000
7.216766563684859e-005	4.192794e+000	5.000000e+000
7.236297813684860e-005	4.284770e+000	5.000000e+000
7.265594688684861e-005	4.455851e+000	5.000000e+000
7.294891563684862e-005	4.663363e+000	5.000000e+000
7.324188438684862e-005	4.903504e+000	5.000000e+000
7.353485313684863e-005	5.172415e+000	5.000000e+000
7.382782188684864e-005	5.466219e+000	5.000000e+000
7.412079063684865e-005	5.781050e+000	5.000000e+000
7.424057774289275e-005	5.915625e+000	5.000000e+000
7.436036484893684e-005	6.052163e+000	5.000000e+000
7.448015195498094e-005	6.190663e+000	5.000000e+000
7.459993906102502e-005	6.331124e+000	5.000000e+000
7.471972616706912e-005	6.473548e+000	5.000000e+000
7.483951327311321e-005	6.617933e+000	5.000000e+000
7.495930037915731e-005	6.764280e+000	5.000000e+000
7.496727353076546e-005	6.774033e+000	5.000000e+000
7.500100000000001e-005	6.815339e+000	5.000000e+000
7.500175000000001e-005	6.816258e+000	1.250000e+000
7.500177500000000e-005	6.816288e+000	1.125000e+000
7.500182500000001e-005	6.816350e+000	8.750000e-001
7.500182656250000e-005	6.816352e+000	8.671875e-001
7.500200000000001e-005	6.816565e+000	0.000000e+000
7.515878787388626e-005	6.995548e+000	0.000000e+000
7.531557574777253e-005	7.153108e+000	0.000000e+000
7.547236362165878e-005	7.289244e+000	0.000000e+000
7.562915149554504e-005	7.403957e+000	0.000000e+000
7.578593936943129e-005	7.497246e+000	0.000000e+000
7.594272724331755e-005	7.569111e+000	0.000000e+000
7.609951511720381e-005	7.619553e+000	0.000000e+000
7.619717136720381e-005	7.641258e+000	0.000000e+000
7.629482761720381e-005	7.655316e+000	0.000000e+000
7.639248386720382e-005	7.661862e+000	0.000000e+000
7.649014011720382e-005	7.661035e+000	0.000000e+000
7.658779636720382e-005	7.652977e+000	0.000000e+000
7.668545261720382e-005	7.637836e+000	0.000000e+000
7.678310886720383e-005	7.615765e+000	0.000000e+000
7.697842136720383e-005	7.551452e+000	0.000000e+000
7.717373386720384e-005	7.461318e+000	0.000000e+000
7.736904636720384e-005	7.346691e+000	0.000000e+000
7.756435886720385e-005	7.208937e+000	0.000000e+000
7.785732761720386e-005	6.962020e+000	0.000000e+000
7.805264011720386e-005	6.772643e+000	0.000000e+000
7.824795261720387e-005	6.565153e+000	0.000000e+000
7.834560886720387e-005	6.455075e+000	0.000000e+000
7.844326511720387e-005	6.341022e+000	0.000000e+000
7.854092136720388e-005	6.223912e+000	0.000000e+000
7.855846329244854e-005	6.202499e+000	0.000000e+000
7.857095208936822e-005	6.187086e+000	0.000000e+000
7.857095312746298e-005	6.187085e+000	0.000000e+000
7.857095364506255e-005	6.187084e+000	0.000000e+000
7.857095402006720e-005	6.187083e+000	0.000000e+000
7.857095456170857e-005	6.187083e+000	0.000000e+000
7.857095487738073e-005	6.187082e+000	0.000000e+000
7.857095521323600e-005	6.187082e+000	0.000000e+000
7.857095559649617e-005	6.187081e+000	0.000000e+000
7.857095599850497e-005	6.187081e+000	0.000000e+000
7.857095638785321e-005	6.187080e+000	0.000000e+000
7.857095677183867e-005	6.187080e+000	0.000000e+000
7.857095752669957e-005	6.187079e+000	0.000000e+000
7.857095812274961e-005	6.187078e+000	0.000000e+000
7.857095871879966e-005	6.187078e+000	0.000000e+000
7.857095931484970e-005	6.187077e+000	0.000000e+000
7.857095991089974e-005	6.187076e+000	0.000000e+000
7.857096050694978e-005	6.187076e+000	0.000000e+000
7.857096110299983e-005	6.187075e+000	0.000000e+000
7.857096169904986e-005	6.187074e+000	0.000000e+000
7.877511002775702e-005	5.940786e+000	0.000000e+000
7.897925835646420e-005	5.703351e+000	0.000000e+000
7.918340668517136e-005	5.474769e+000	0.000000e+000
7.938755501387852e-005	5.255041e+000	0.000000e+000
7.959170334258567e-005	5.044166e+000	0.000000e+000
7.979585167129285e-005	4.842144e+000	0.000000e+000
8.000000000000001e-005	4.648976e+000	0.000000e+000
8.000018143197554e-005	4.648807e+000	9.071599e-001
8.000018362247415e-005	4.648805e+000	9.181124e-001
8.000018447971717e-005	4.648804e+000	9.223986e-001
8.000018535505156e-005	4.648803e+000	9.267753e-001
8.000018619991460e-005	4.648803e+000	9.309996e-001
8.000018702774925e-005	4.648802e+000	9.351388e-001
8.000018782345840e-005	4.648801e+000	9.391173e-001
8.000018860665329e-005	4.648800e+000	9.430333e-001
8.000018938538165e-005	4.648799e+000	9.469269e-001
8.000019019715675e-005	4.648799e+000	9.509858e-001
8.000019109806431e-005	4.648798e+000	9.554904e-001
8.000019225207817e-005	4.648797e+000	9.612604e-001
8.000019387111649e-005	4.648796e+000	9.693556e-001
8.000019578467807e-005	4.648794e+000	9.789234e-001
8.000019775283591e-005	4.648792e+000	9.887642e-001
8.000020588876720e-005	4.648784e+000	1.029444e+000
8.000100000000001e-005	4.648046e+000	5.000000e+000
8.003552400236293e-005	4.616667e+000	5.000000e+000
8.007004800472584e-005	4.586131e+000	5.000000e+000
8.010457200708877e-005	4.556438e+000	5.000000e+000
8.013909600945168e-005	4.527588e+000	5.000000e+000
8.017362001181460e-005	4.499581e+000	5.000000e+000
8.020814401417751e-005	4.472418e+000	5.000000e+000
8.024266801654044e-005	4.446097e+000	5.000000e+000
8.043798051654044e-005	4.311681e+000	5.000000e+000
8.073094926654045e-005	4.159405e+000	5.000000e+000
8.092626176654046e-005	4.089871e+000	5.000000e+000
8.112157426654046e-005	4.045100e+000	5.000000e+000
8.121923051654046e-005	4.031758e+000	5.000000e+000
8.131688676654047e-005	4.024309e+000	5.000000e+000
8.141454301654047e-005	4.022646e+000	5.000000e+000
8.151219926654047e-005	4.026658e+000	5.000000e+000
8.160985551654047e-005	4.036232e+000	5.000000e+000
8.170751176654048e-005	4.051250e+000	5.000000e+000
8.180516801654048e-005	4.071594e+000	5.000000e+000
8.200048051654049e-005	4.127768e+000	5.000000e+000
8.219579301654049e-005	4.203744e+000	5.000000e+000
8.239110551654050e-005	4.298481e+000	5.000000e+000
8.268407426654051e-005	4.473405e+000	5.000000e+000
8.297704301654051e-005	4.684395e+000	5.000000e+000
8.327001176654052e-005	4.927641e+000	5.000000e+000
8.356298051654053e-005	5.199280e+000	5.000000e+000
8.385594926654054e-005	5.495432e+000	5.000000e+000
8.414891801654055e-005	5.812234e+000	5.000000e+000
8.427064420410932e-005	5.949797e+000	5.002308e+000
8.439237039167809e-005	6.089292e+000	5.003530e+000
8.451409657924686e-005	6.230718e+000	5.003666e+000
8.463582276681563e-005	6.374075e+000	5.002717e+000
8.475754895438441e-005	6.519363e+000	5.000681e+000
8.487927514195318e-005	6.666583e+000	4.997560e+000
8.500100132952195e-005	6.815733e+000	4.993352e+000
8.500175059117432e-005	6.816652e+000	1.247044e+000
8.500179049658642e-005	6.816701e+000	1.047517e+000
8.500180047293945e-005	6.816713e+000	9.976353e-001
8.500180296702770e-005	6.816717e+000	9.851649e-001
8.500180359054977e-005	6.816717e+000	9.820473e-001
8.500180483759390e-005	6.816719e+000	9.758120e-001
8.500180733168216e-005	6.816722e+000	9.633416e-001
8.500181231985867e-005	6.816728e+000	9.384007e-001
8.500182229621169e-005	6.816741e+000	8.885189e-001
8.500184224891775e-005	6.816765e+000	7.887554e-001
8.500200000000001e-005	6.816958e+000	0.000000e+000
8.516946961390233e-005	7.007264e+000	0.000000e+000
8.533693922780466e-005	7.173216e+000	0.000000e+000
8.550440884170698e-005	7.314812e+000	0.000000e+000
8.567187845560931e-005	7.432053e+000	0.000000e+000
8.583934806951163e-005	7.524939e+000	0.000000e+000
8.600681768341396e-005	7.593471e+000	0.000000e+000
8.617428729731627e-005	7.637648e+000	0.000000e+000
8.627194354731628e-005	7.653511e+000	0.000000e+000
8.636959979731628e-005	7.661828e+000	0.000000e+000
8.646725604731628e-005	7.662737e+000	0.000000e+000
8.656491229731628e-005	7.656381e+000	0.000000e+000
8.666256854731629e-005	7.642906e+000	0.000000e+000
8.676022479731629e-005	7.622464e+000	0.000000e+000
8.685788104731629e-005	7.595207e+000	0.000000e+000
8.705319354731630e-005	7.520886e+000	0.000000e+000
8.724850604731630e-005	7.421242e+000	0.000000e+000
8.744381854731631e-005	7.297619e+000	0.000000e+000
8.773678729731632e-005	7.070254e+000	0.000000e+000
8.802975604731633e-005	6.796842e+000	0.000000e+000
8.822506854731633e-005	6.591402e+000	0.000000e+000
8.832272479731633e-005	6.482283e+000	0.000000e+000
8.842038104731634e-005	6.369143e+000	0.000000e+000
8.851803729731634e-005	6.252807e+000	0.000000e+000
8.855871229753003e-005	6.203240e+000	0.000000e+000
8.857124405167442e-005	6.187767e+000	0.000000e+000
8.857124504605673e-005	6.187766e+000	0.000000e+000
8.857124556734406e-005	6.187765e+000	0.000000e+000
8.857124594060774e-005	6.187765e+000	0.000000e+000
8.857124648281760e-005	6.187764e+000	0.000000e+000
8.857124680476639e-005	6.187764e+000	0.000000e+000
8.857124714219758e-005	6.187763e+000	0.000000e+000
8.857124752479580e-005	6.187763e+000	0.000000e+000
8.857124792595452e-005	6.187762e+000	0.000000e+000
8.857124831535675e-005	6.187762e+000	0.000000e+000
8.857124869940531e-005	6.187761e+000	0.000000e+000
8.857124945431378e-005	6.187760e+000	0.000000e+000
8.857125005042334e-005	6.187759e+000	0.000000e+000
8.857125064653290e-005	6.187759e+000	0.000000e+000
8.857125124264246e-005	6.187758e+000	0.000000e+000
8.857125183875200e-005	6.187757e+000	0.000000e+000
8.857125243486156e-005	6.187756e+000	0.000000e+000
8.857125303097112e-005	6.187756e+000	0.000000e+000
8.857125362708069e-005	6.187755e+000	0.000000e+000
8.877536025178345e-005	5.941488e+000	0.000000e+000
8.897946687648621e-005	5.704073e+000	0.000000e+000
8.918357350118897e-005	5.475508e+000	0.000000e+000
8.938768012589173e-005	5.255794e+000	0.000000e+000
8.959178675059449e-005	5.044932e+000	0.000000e+000
8.979589337529725e-005	4.842920e+000	0.000000e+000
9.000000000000001e-005	4.649759e+000	0.000000e+000
9.000018148487944e-005	4.649590e+000	9.074244e-001
9.000018366245393e-005	4.649588e+000	9.183123e-001
9.000018456283338e-005	4.649587e+000	9.228142e-001
9.000018540620922e-005	4.649587e+000	9.270310e-001
9.000018627289299e-005	4.649586e+000	9.313645e-001
9.000018708182608e-005	4.649585e+000	9.354091e-001
9.000018788862326e-005	4.649584e+000	9.394431e-001
9.000018866167594e-005	4.649583e+000	9.433084e-001
9.000018944873428e-005	4.649583e+000	9.472437e-001
9.000019025883250e-005	4.649582e+000	9.512942e-001
9.000019117630121e-005	4.649581e+000	9.558815e-001
9.000019235864445e-005	4.649580e+000	9.617932e-001
9.000019395351913e-005	4.649579e+000	9.697676e-001
9.000019585340045e-005	4.649577e+000	9.792670e-001
9.000019784095599e-005	4.649575e+000	9.892048e-001
9.000020621729788e-005	4.649567e+000	1.031086e+000
9.000100000000001e-005	4.648829e+000	5.000000e+000
9.003584877812630e-005	4.617156e+000	5.000000e+000
9.007069755625260e-005	4.586341e+000	5.000000e+000
9.010554633437889e-005	4.556382e+000	5.000000e+000
9.014039511250517e-005	4.527281e+000	5.000000e+000
9.017524389063147e-005	4.499038e+000	5.000000e+000
9.021009266875776e-005	4.471651e+000	5.000000e+000
9.024494144688406e-005	4.445122e+000	5.000000e+000
9.044025394688406e-005	4.310983e+000	5.000000e+000
9.073322269688407e-005	4.159107e+000	5.000000e+000
9.092853519688408e-005	4.089830e+000	5.000000e+000
9.112384769688408e-005	4.045305e+000	5.000000e+000
9.122150394688409e-005	4.032083e+000	5.000000e+000
9.131916019688409e-005	4.024751e+000	5.000000e+000
9.141681644688409e-005	4.023201e+000	5.000000e+000
9.151447269688410e-005	4.027325e+000	5.000000e+000
9.161212894688410e-005	4.037007e+000	5.000000e+000
9.170978519688410e-005	4.052131e+000	5.000000e+000
9.180744144688410e-005	4.072578e+000	5.000000e+000
9.200275394688411e-005	4.128948e+000	5.000000e+000
9.219806644688412e-005	4.205110e+000	5.000000e+000
9.239337894688412e-005	4.300019e+000	5.000000e+000
9.268634769688413e-005	4.475179e+000	5.000000e+000
9.297931644688414e-005	4.686377e+000	5.000000e+000
9.327228519688415e-005	4.929802e+000	5.000000e+000
9.356525394688415e-005	5.201592e+000	5.000000e+000
9.385822269688416e-005	5.497867e+000	5.000000e+000
9.415119144688417e-005	5.814765e+000	5.000000e+000
9.427259285868957e-005	5.951987e+000	5.002315e+000
9.439399427049496e-005	6.091127e+000	5.003541e+000
9.451539568230036e-005	6.232186e+000	5.003680e+000
9.463679709410576e-005	6.375164e+000	5.002730e+000
9.475819850591116e-005	6.520060e+000	5.000692e+000
9.487959991771655e-005	6.666875e+000	4.997566e+000
9.500100132952195e-005	6.815609e+000	4.993352e+000
9.500175059117432e-005	6.816528e+000	1.247044e+000
9.500179049658642e-005	6.816577e+000	1.047517e+000
9.500180047293945e-005	6.816589e+000	9.976353e-001
9.500180296702770e-005	6.816592e+000	9.851649e-001
9.500180359054977e-005	6.816593e+000	9.820473e-001
9.500180483759390e-005	6.816595e+000	9.758120e-001
9.500180733168216e-005	6.816597e+000	9.633416e-001
9.500181231985867e-005	6.816604e+000	9.384007e-001
9.500182229621169e-005	6.816616e+000	8.885189e-001
9.500184224891775e-005	6.816640e+000	7.887554e-001
9.500200000000001e-005	6.816834e+000	0.000000e+000
9.516946961390233e-005	7.007118e+000	0.000000e+000
9.533693922780466e-005	7.173049e+000	0.000000e+000
9.550440884170698e-005	7.314626e+000	0.000000e+000
9.567187845560931e-005	7.431849e+000	0.000000e+000
9.583934806951162e-005	7.524718e+000	0.000000e+000
9.600681768341396e-005	7.593234e+000	0.000000e+000
9.617428729731627e-005	7.637395e+000	0.000000e+000
9.627194354731628e-005	7.653250e+000	0.000000e+000
9.636959979731628e-005	7.661560e+000	0.000000e+000
9.646725604731628e-005	7.662462e+000	0.000000e+000
9.656491229731628e-005	7.656099e+000	0.000000e+000
9.666256854731629e-005	7.642618e+000	0.000000e+000
9.676022479731629e-005	7.622169e+000	0.000000e+000
9.685788104731629e-005	7.594907e+000	0.000000e+000
9.705319354731630e-005	7.520576e+000	0.000000e+000
9.724850604731630e-005	7.420923e+000	0.000000e+000
9.744381854731631e-005	7.297293e+000	0.000000e+000
9.773678729731632e-005	7.069920e+000	0.000000e+000
9.802975604731633e-005	6.796503e+000	0.000000e+000
9.822506854731633e-005	6.591062e+000	0.000000e+000
9.832272479731633e-005	6.481942e+000	0.000000e+000
9.842038104731634e-005	6.368803e+000	0.000000e+000
9.851803729731634e-005	6.252468e+000	0.000000e+000
9.855864157587564e-005	6.202988e+000	0.000000e+000
9.857114759537914e-005	6.187547e+000	0.000000e+000
9.857114858478616e-005	6.187546e+000	0.000000e+000
9.857114910298119e-005	6.187545e+000	0.000000e+000
9.857114947595409e-005	6.187544e+000	0.000000e+000
9.857115001497183e-005	6.187544e+000	0.000000e+000
9.857115033283969e-005	6.187543e+000	0.000000e+000
9.857115066958414e-005	6.187543e+000	0.000000e+000
9.857115105296352e-005	6.187542e+000	0.000000e+000
9.857115145452640e-005	6.187542e+000	0.000000e+000
9.857115184393484e-005	6.187541e+000	0.000000e+000
9.857115222787156e-005	6.187541e+000	0.000000e+000
9.857115298285127e-005	6.187540e+000	0.000000e+000
9.857115357838104e-005	6.187539e+000	0.000000e+000
9.857115417391081e-005	6.187539e+000	0.000000e+000
9.857115476944058e-005	6.187538e+000	0.000000e+000
9.857115536497036e-005	6.187537e+000	0.000000e+000
9.857115596050013e-005	6.187537e+000	0.000000e+000
9.857115655602990e-005	6.187536e+000	0.000000e+000
9.857115715155967e-005	6.187535e+000	0.000000e+000
9.877513470133687e-005	5.941430e+000	0.000000e+000
9.897911225111405e-005	5.704164e+000	0.000000e+000
9.918308980089124e-005	5.475738e+000	0.000000e+000
9.938706735066843e-005	5.256152e+000	0.000000e+000
9.959104490044563e-005	5.045406e+000	0.000000e+000
9.979502245022281e-005	4.843500e+000	0.000000e+000
9.999900000000000e-005	4.650434e+000	0.000000e+000
9.999939152278852e-005	4.650070e+000	0.000000e+000
1.000000000000000e-004	4.649504e+000	0.000000e+000
